Date,Open,High,Low,Close,Adj Close,Volume
2010-01-04,55.43,56.52,55.220001,48.407967,56.400002,37000
2010-01-05,56.41,56.509997999999996,55.73,48.11615,56.060001,37100
2010-01-06,55.82,58.41,55.459998999999996,47.798573,55.689999,22100
2010-01-07,55.619999,56.810001,54.779999,48.519546999999996,56.529999,35900
2010-01-08,56.16,56.970001,55.470001,48.047482,55.98,39000
2010-01-11,56.130001,56.130001,55.490002000000004,48.073219,56.009997999999996,20000
2010-01-12,55.310001,55.970001,54.240002000000004,46.734291,54.450001,44900
2010-01-13,54.830002,55.459998999999996,54.459998999999996,46.905945,54.650002,26000
2010-01-14,54.360001000000004,55.860001000000004,54.029999,47.146267,54.93,34000
2010-01-15,55.200001,55.41,52.150002,45.077774,52.52,72500
2010-01-19,52.790001000000004,54.52,52.290001000000004,46.777206,54.5,57500
2010-01-20,54.27,54.27,53.0,45.489758,53.0,51000
2010-01-21,53.240002000000004,53.610001000000004,51.0,43.910492,51.16,71600
2010-01-22,50.959998999999996,52.220001,50.599998,43.601504999999996,50.799999,51500
2010-01-25,50.099998,51.849998,49.84,44.399712,51.73,65600
2010-01-26,51.389998999999996,51.389998999999996,48.799999,41.962154,48.889998999999996,93600
2010-01-27,48.389998999999996,49.310001,48.279999,41.927834000000004,48.849998,33000
2010-01-28,49.09,49.509997999999996,48.84,42.065146999999996,49.009997999999996,44800
2010-01-29,49.330002,49.790001000000004,48.119999,41.567341,48.43,84200
2010-02-01,48.580002,48.939999,47.290001000000004,40.812038,47.549999,66200
2010-02-02,47.450001,48.23,47.349998,40.734783,47.459998999999996,65100
2010-02-03,47.209998999999996,47.91,46.509997999999996,40.219803000000006,46.860001000000004,41900
2010-02-04,46.419998,46.5,44.220001,37.953907,44.220001,58700
2010-02-05,44.290001000000004,45.25,43.400002,38.837944,45.25,67600
2010-02-08,45.349998,45.830002,44.790001000000004,38.443134,44.790001000000004,27500
2010-02-09,45.419998,45.98,45.09,39.421593,45.93,34800
2010-02-10,45.860001000000004,46.290001000000004,45.169998,39.687678999999996,46.240002000000004,21200
2010-02-11,46.310001,46.919998,45.369999,40.211227,46.849998,26900
2010-02-12,46.419998,46.880001,46.299999,40.116821,46.740002000000004,18600
2010-02-16,47.389998999999996,47.849998,45.91,39.636162,46.18,94600
2010-02-17,46.470001,46.470001,45.619999,39.50742,46.029999,29600
2010-02-18,45.849998,45.849998,45.080002,39.275681,45.759997999999996,21900
2010-02-19,45.77,45.77,43.73,37.893829,44.150002,61100
2010-02-22,44.16,44.779999,43.220001,37.284431,43.439999,117800
2010-02-23,43.150002,43.830002,41.110001000000004,36.014153,41.959998999999996,99900
2010-02-24,41.919998,42.799999,41.669998,36.160069,42.130001,60100
2010-02-25,41.439999,42.98,41.349998,36.760872,42.830002,45900
2010-02-26,43.09,44.490002000000004,42.540001000000004,37.662083,43.880001,84300
2010-03-01,44.0,45.580002,44.0,38.940945,45.369999,35400
2010-03-02,45.59,46.73,45.299999,39.859318,46.439999,67100
2010-03-03,46.400002,47.139998999999996,45.709998999999996,39.885082000000004,46.470001,75000
2010-03-04,46.41,46.720001,45.419998,39.473091,45.990002000000004,29200
2010-03-05,43.439999,44.200001,41.549999,37.936733000000004,44.200001,130900
2010-03-08,43.970001,44.389998999999996,43.18,37.207190999999995,43.349998,97900
2010-03-09,43.060001,43.700001,42.650002,36.906784,43.0,47200
2010-03-10,43.130001,43.299999,41.650002,36.400387,42.41,65400
2010-03-11,42.009997999999996,42.689999,41.830002,36.202984,42.18,41100
2010-03-12,42.419998,42.540001000000004,41.200001,35.756668,41.66,38900
2010-03-15,41.080002,41.439999,40.189999,34.632301,40.349998,52600
2010-03-16,40.700001,40.700001,39.310001,34.503547999999995,40.200001,47100
2010-03-17,40.400002,42.060001,40.290001000000004,35.69659,41.59,56000
2010-03-18,41.5,41.740002000000004,41.41,35.679432,41.57,27900
2010-03-19,41.880001,42.349998,41.16,35.808167,41.720001,60700
2010-03-22,41.299999,42.990002000000004,41.299999,36.726535999999996,42.790001000000004,27100
2010-03-23,42.799999,43.400002,42.650002,37.129944,43.259997999999996,46200
2010-03-24,42.849998,43.110001000000004,41.700001,35.83392,41.75,86000
2010-03-25,42.0,42.599998,42.0,36.305977,42.299999,57800
2010-03-26,42.439999,43.0,42.34,36.872456,42.959998999999996,39600
2010-03-29,43.419998,43.75,43.049999,37.550509999999996,43.75,41800
2010-03-30,44.130001,45.139998999999996,43.860001000000004,38.657711,45.040001000000004,90400
2010-03-31,45.0,45.439999,44.759997999999996,38.563286,44.93,49700
2010-04-01,45.240002000000004,45.240002000000004,44.810001,38.623375,45.0,37700
2010-04-05,45.279999,45.400002,44.810001,38.726379,45.119999,28500
2010-04-06,44.759997999999996,45.5,44.759997999999996,38.666286,45.049999,46100
2010-04-07,45.099998,45.849998,45.099998,39.043945,45.490002000000004,38100
2010-04-08,45.48,45.639998999999996,44.400002,38.194225,44.5,64300
2010-04-09,44.549999,45.580002,44.549999,39.069697999999995,45.52,38800
2010-04-12,45.5,46.34,45.5,39.619003,46.16,41200
2010-04-13,46.18,47.959998999999996,46.18,41.33445,47.950001,69400
2010-04-14,48.150002,48.75,47.73,41.972351,48.689999,102700
2010-04-15,48.5,49.66,48.439999,42.808529,49.66,90700
2010-04-16,49.380001,50.439999,49.360001000000004,43.325737,50.259997999999996,97200
2010-04-19,50.209998999999996,51.369999,49.529999,43.886063,50.91,105200
2010-04-20,51.07,51.490002000000004,50.580002,43.989506,51.029999,40400
2010-04-21,51.240002000000004,51.240002000000004,50.650002,44.067081,51.119999,61000
2010-04-22,50.75,51.439999,50.639998999999996,44.248112,51.330002,60100
2010-04-23,52.0,56.25,51.790001000000004,47.325569,54.900002,128800
2010-04-26,54.689999,55.900002,54.09,47.963485999999996,55.639998999999996,108200
2010-04-27,55.990002000000004,58.68,55.919998,50.153048999999996,58.18,238500
2010-04-28,58.34,58.439999,57.099998,50.187508,58.220001,132600
2010-04-29,58.98,59.009997999999996,57.060001,49.385838,57.290001000000004,68900
2010-04-30,57.049999,57.09,55.060001,47.566936,55.18,74000
2010-05-03,55.610001000000004,56.400002,54.939999,48.575516,56.349998,104500
2010-05-04,55.549999,55.549999,53.009997999999996,46.773876,54.259997999999996,97300
2010-05-05,54.360001000000004,54.560001,52.900002,46.679054,54.150002,59900
2010-05-06,53.939999,54.189999,48.060001,45.446346000000005,52.720001,48300
2010-05-07,51.07,51.07,44.0,39.791401,46.16,155100
2010-05-10,47.990002000000004,48.630001,45.279999,39.756924,46.119999,115900
2010-05-11,45.5,47.82,45.5,40.877575,47.419998,51900
2010-05-12,47.450001,49.450001,47.450001,42.386124,49.169998,63500
2010-05-13,49.200001,50.07,48.91,42.644749,49.470001,21800
2010-05-14,49.290001000000004,49.290001000000004,47.040001000000004,41.386169,48.009997999999996,44000
2010-05-17,48.150002,48.48,47.029999,41.170658,47.759997999999996,34600
2010-05-18,48.450001,48.450001,45.720001,39.731068,46.09,28000
2010-05-19,46.099998,46.099998,44.130001,38.575939,44.75,76100
2010-05-20,43.880001,44.889998999999996,43.709998999999996,37.817347999999996,43.869999,52100
2010-05-21,43.200001,43.669998,42.029999,37.334621000000006,43.310001,62300
2010-05-24,43.150002,44.02,41.759997999999996,36.28294,42.09,59000
2010-05-25,41.700001,42.029999,40.150002,35.946732,41.700001,58100
2010-05-26,41.849998,43.459998999999996,41.689999,36.162265999999995,41.950001,54300
2010-05-27,42.900002,46.200001,42.389998999999996,37.567364000000005,43.580002,55300
2010-05-28,43.240002000000004,43.900002,41.610001000000004,36.041573,41.810001,59100
2010-06-01,41.16,42.0,40.93,35.610554,41.310001,76400
2010-06-02,41.41,44.0,41.32,37.843216,43.900002,117700
2010-06-03,44.23,45.299999,44.119999,38.438023,44.59,25200
2010-06-04,43.43,43.860001000000004,41.07,35.869164000000005,41.610001000000004,39400
2010-06-07,41.669998,41.810001,40.509997999999996,35.14505,40.77,41500
2010-06-08,41.060001,41.130001,39.66,35.033001,40.639998999999996,36900
2010-06-09,41.110001000000004,41.209998999999996,40.080002,34.9123,40.5,15000
2010-06-10,40.689999,42.09,40.689999,36.179493,41.970001,23100
2010-06-11,41.220001,43.299999,41.110001000000004,36.731196999999995,42.610001000000004,28100
2010-06-14,43.169998,44.110001000000004,42.279999,37.058769,42.990002000000004,24500
2010-06-15,43.709998999999996,44.380001,43.34,38.032866999999996,44.119999,27400
2010-06-16,43.77,44.119999,43.220001,37.386348999999996,43.369999,15800
2010-06-17,43.400002,43.619999,42.889998999999996,37.386348999999996,43.369999,57300
2010-06-18,43.689999,43.689999,42.639998999999996,37.136353,43.080002,41900
2010-06-21,43.73,43.73,41.970001,36.507065000000004,42.349998,37500
2010-06-22,42.75,43.59,42.119999,36.601890999999995,42.459998999999996,39500
2010-06-23,42.209998999999996,42.689999,41.919998,36.222595,42.02,21200
2010-06-24,41.639998999999996,43.150002,41.549999,36.101917,41.880001,21300
2010-06-25,41.959998999999996,41.959998999999996,40.66,35.55883,41.25,450800
2010-06-28,41.029999,42.720001,40.779999,36.892834,42.59,28500
2010-06-29,41.700001,42.27,41.349998,36.277813,41.880001,54000
2010-06-30,42.009997999999996,42.009997999999996,40.73,35.775394,41.299999,28500
2010-07-01,41.41,41.41,39.700001,34.787884000000005,40.16,39500
2010-07-02,40.560001,40.630001,39.099998,34.6493,40.0,22700
2010-07-06,40.66,40.84,39.470001,34.363422,39.669998,28900
2010-07-07,39.689999,41.450001,39.400002,35.870686,41.41,30500
2010-07-08,41.880001,41.880001,40.759997999999996,35.775394,41.299999,33700
2010-07-09,41.119999,42.009997999999996,41.049999,36.329777,41.939999,11000
2010-07-12,41.599998,41.950001,40.93,35.463547,40.939999,40000
2010-07-13,41.599998,43.009997999999996,41.02,37.135372,42.869999,31300
2010-07-14,42.709998999999996,43.470001,42.330002,36.962132000000004,42.669998,45100
2010-07-15,43.450001,43.450001,41.07,35.784058,41.310001,41200
2010-07-16,40.91,41.43,40.110001000000004,34.857166,40.240002000000004,132500
2010-07-19,40.490002000000004,41.099998,40.299999,35.524174,41.009997999999996,35000
2010-07-20,40.43,41.93,40.290001000000004,36.286469,41.889998999999996,20700
2010-07-21,42.060001,42.599998,40.68,35.246983,40.689999,31000
2010-07-22,41.360001000000004,43.41,41.139998999999996,37.525172999999995,43.32,110200
2010-07-23,43.25,45.470001,41.5,39.28363,45.349998,40200
2010-07-26,45.82,47.470001,44.23,40.253815,46.470001,36500
2010-07-27,46.93,47.57,45.419998,40.028584,46.209998999999996,25100
2010-07-28,46.25,46.759997999999996,44.77,38.928478000000005,44.939999,33700
2010-07-29,45.439999,46.200001,44.0,38.694595,44.669998,43800
2010-07-30,43.830002,45.169998,43.77,38.729240000000004,44.709998999999996,39600
2010-08-02,45.52,46.860001000000004,44.09,39.344254,45.419998,49700
2010-08-03,45.419998,46.700001,45.279999,39.266312,45.330002,24600
2010-08-04,45.700001,47.630001,45.700001,41.05941,47.400002,38300
2010-08-05,46.98,48.41,46.98,41.735065000000006,48.18,42400
2010-08-06,48.169998,48.450001,45.959998999999996,39.83802,45.990002000000004,33900
2010-08-09,46.220001,48.57,45.32,41.890999,48.360001000000004,107900
2010-08-10,47.68,48.799999,47.009997999999996,41.457878,47.860001000000004,44100
2010-08-11,46.799999,47.349998,45.16,39.422226,45.509997999999996,49700
2010-08-12,44.669998,46.27,44.669998,39.881344,46.040001000000004,30200
2010-08-13,45.75,46.709998999999996,44.919998,39.4049,45.490002000000004,27900
2010-08-16,45.139998999999996,46.700001,45.139998999999996,39.95063,46.119999,26900
2010-08-17,46.400002,46.880001,45.950001,40.054584999999996,46.240002000000004,42200
2010-08-18,46.049999,46.41,45.470001,40.04591,46.23,29700
2010-08-19,46.169998,46.169998,44.27,38.47802,44.419998,22700
2010-08-20,44.110001000000004,44.549999,43.34,38.261478000000004,44.169998,25100
2010-08-23,44.330002,44.779999,43.110001000000004,37.351929,43.119999,23900
2010-08-24,42.419998,43.34,42.189999,36.892834,42.59,48200
2010-08-25,42.169998,42.900002,41.080002,37.014103000000006,42.73,37800
2010-08-26,42.77,43.200001,42.080002,36.606976,42.259997999999996,28100
2010-08-27,42.849998,43.959998999999996,41.970001,37.949631,43.810001,35400
2010-08-30,43.759997999999996,43.759997999999996,42.400002,36.736912,42.41,25300
2010-08-31,42.299999,43.380001,42.299999,36.797543,42.48,24700
2010-09-01,43.380001,44.470001,42.400002,38.105556,43.990002000000004,40400
2010-09-02,44.439999,44.439999,43.459998999999996,38.088229999999996,43.970001,21500
2010-09-03,44.599998,45.630001,44.09,39.344254,45.419998,31300
2010-09-07,45.34,45.650002,44.580002,38.703255,44.68,28100
2010-09-08,44.720001,46.0,44.720001,39.569489000000004,45.68,31800
2010-09-09,46.25,46.959998999999996,45.799999,40.314453,46.540001000000004,32000
2010-09-10,46.830002,46.830002,45.639998999999996,39.699421,45.830002,31500
2010-09-13,45.830002,47.07,45.830002,40.548336,46.810001,29300
2010-09-14,46.77,47.150002,46.34,40.392403,46.630001,24900
2010-09-15,46.310001,47.0,46.0,40.548336,46.810001,13300
2010-09-16,46.599998,46.900002,45.139998999999996,39.83802,45.990002000000004,9600
2010-09-17,46.59,47.619999,45.110001000000004,40.531013,46.790001000000004,422600
2010-09-20,46.790001000000004,48.860001000000004,46.779999,42.324104,48.860001000000004,38400
2010-09-21,48.68,49.689999,48.549999,42.194183,48.709998999999996,19200
2010-09-22,48.23,48.5,47.599998,41.483864000000004,47.889998999999996,15000
2010-09-23,47.48,48.369999,46.709998999999996,40.608967,46.880001,13200
2010-09-24,47.610001000000004,48.779999,46.919998,42.176846000000005,48.689999,19900
2010-09-27,48.470001,49.09,48.02,42.116203000000006,48.619999,19500
2010-09-28,48.619999,49.310001,47.630001,42.644622999999996,49.23,26600
2010-09-29,49.16,49.84,48.810001,42.895813000000004,49.52,23000
2010-09-30,49.830002,50.150002,48.93,42.653275,49.240002000000004,31600
2010-10-01,49.939999,50.130001,49.27,43.181671,49.849998,28300
2010-10-04,49.57,50.330002,49.200001,43.085972,49.52,28700
2010-10-05,50.189999,53.139998999999996,50.189999,45.635284000000006,52.450001,36000
2010-10-06,52.5,53.099998,51.68,45.939808,52.799999,51300
2010-10-07,53.299999,53.700001,51.66,45.087128,51.82,27200
2010-10-08,55.0,55.400002,54.16,47.453734999999995,54.540001000000004,299800
2010-10-11,54.5,54.900002,54.25,47.323215000000005,54.389998999999996,110200
2010-10-12,54.07,54.360001000000004,53.619999,46.748978,53.73,246700
2010-10-13,54.009997999999996,54.119999,53.259997999999996,46.357445,53.279999,177100
2010-10-14,53.169998,53.459998999999996,52.43,45.661377,52.48,1218900
2010-10-15,53.130001,53.130001,51.029999,44.486778,51.130001,132400
2010-10-18,51.400002,51.639998999999996,50.880001,44.599888,51.259997999999996,51200
2010-10-19,50.369999,51.419998,49.970001,44.391079,51.02,104600
2010-10-20,51.299999,51.299999,50.09,43.738529,50.27,32400
2010-10-21,50.619999,50.84,48.349998,43.103363,49.540001000000004,34900
2010-10-22,49.549999,49.639998999999996,49.049999,43.033764,49.459998999999996,24300
2010-10-25,49.84,50.139998999999996,48.709998999999996,42.546528,48.900002,20600
2010-10-26,48.509997999999996,48.82,48.110001000000004,42.050594,48.330002,31500
2010-10-27,47.98,49.150002,47.52,42.694431,49.07,43100
2010-10-28,49.529999,49.59,48.740002000000004,42.816241999999995,49.209998999999996,32100
2010-10-29,47.5,47.57,41.459998999999996,36.769245,42.259997999999996,275600
2010-11-01,42.540001000000004,42.860001000000004,40.900002,35.664253,40.990002000000004,119000
2010-11-02,41.419998,42.169998,40.419998,35.237915,40.5,170800
2010-11-03,40.529999,40.630001,39.349998,34.689777,39.869999,111800
2010-11-04,40.630001,40.669998,39.75,34.898586,40.110001000000004,73400
2010-11-05,40.220001,40.220001,38.900002,34.063328000000006,39.150002,69900
2010-11-08,39.419998,39.5,38.580002,33.680481,38.709998999999996,83000
2010-11-09,38.759997999999996,39.57,38.759997999999996,33.863209000000005,38.919998,70200
2010-11-10,39.09,39.279999,38.810001,33.932812,39.0,62500
2010-11-11,38.810001,38.810001,38.0,33.158451,38.110001000000004,46200
2010-11-12,37.84,38.209998999999996,37.189999,32.357986,37.189999,43100
2010-11-15,37.509997999999996,37.889998999999996,37.009997999999996,32.279675,37.099998,43900
2010-11-16,36.849998,37.049999,36.240002000000004,31.670626000000002,36.400002,45800
2010-11-17,36.400002,36.400002,35.950001,31.400894,36.09,41900
2010-11-18,36.560001,37.09,35.5,31.896841,36.66,58300
2010-11-19,36.68,37.169998,36.5,31.844639,36.599998,75500
2010-11-22,36.650002,37.349998,36.419998,32.288371999999995,37.110001000000004,82400
2010-11-23,36.75,37.07,36.48,32.088264,36.880001,38400
2010-11-24,37.119999,37.310001,36.610001000000004,32.375389,37.209998999999996,62900
2010-11-26,36.889998999999996,36.939999,36.099998,31.609724,36.330002,33600
2010-11-29,36.200001,36.330002,35.299999,30.870163,35.48,82300
2010-11-30,35.02,35.57,34.23,29.834774,34.290001000000004,99800
2010-12-01,34.799999,34.799999,34.040001000000004,29.773867,34.220001,83000
2010-12-02,35.299999,35.299999,33.310001,29.156115000000003,33.509997999999996,80700
2010-12-03,33.509997999999996,33.639998999999996,32.82,28.712383000000003,33.0,309100
2010-12-06,32.830002,32.830002,32.119999,28.312145,32.540001000000004,155000
2010-12-07,32.959998999999996,32.959998999999996,32.310001,28.286043,32.509997999999996,70100
2010-12-08,32.799999,32.900002,32.490002000000004,28.390453000000004,32.630001,123200
2010-12-09,32.669998,32.700001,32.599998,28.390453000000004,32.630001,138300
2010-12-10,32.790001000000004,32.849998,32.380001,28.460058,32.709998999999996,137200
2010-12-13,32.84,33.009997999999996,32.599998,28.625372,32.900002,167600
2010-12-14,33.09,35.599998,33.09,30.678743,35.259997999999996,211500
2010-12-15,35.099998,35.639998999999996,34.700001,30.617829999999998,35.189999,77100
2010-12-16,35.150002,35.830002,35.150002,30.852753000000003,35.459998999999996,57700
2010-12-17,35.259997999999996,35.630001,34.91,30.774446,35.369999,273800
2010-12-20,35.57,36.619999,35.48,31.165978999999997,35.82,102400
2010-12-21,35.869999,36.68,35.509997999999996,31.522707,36.23,109200
2010-12-22,36.34,37.040001000000004,35.860001000000004,32.027359000000004,36.810001,148500
2010-12-23,36.950001,37.080002,36.279999,32.036057,36.82,73400
2010-12-27,36.82,37.25,36.330002,32.349277,37.18,33600
2010-12-28,36.959998999999996,38.650002,36.639998999999996,33.332462,38.310001,169000
2010-12-29,38.18,38.599998,38.18,33.69125,38.5,58900
2010-12-30,38.57,38.599998,38.25,33.559982,38.349998,37500
2010-12-31,38.349998,38.509997999999996,38.209998999999996,33.577492,38.369999,68500
2011-01-03,38.810001,39.209998999999996,38.470001,34.128803000000005,39.0,57700
2011-01-04,39.209998999999996,39.400002,38.099998,33.568737,38.360001000000004,103900
2011-01-05,38.43,38.68,38.25,33.848763,38.68,42400
2011-01-06,38.759997999999996,39.529999,38.599998,34.356322999999996,39.259997999999996,105500
2011-01-07,39.380001,39.610001000000004,38.779999,34.338821,39.240002000000004,104400
2011-01-10,39.150002,39.200001,38.830002,34.233803,39.119999,71800
2011-01-11,39.25,39.290001000000004,38.830002,34.216305,39.099998,94400
2011-01-12,39.400002,39.400002,38.860001000000004,34.28632,39.18,66100
2011-01-13,39.299999,39.299999,38.939999,34.312571999999996,39.209998999999996,68500
2011-01-14,39.369999,39.369999,39.060001,34.391327000000004,39.299999,68200
2011-01-18,39.040001000000004,39.330002,38.919998,34.268806,39.16,42400
2011-01-19,39.310001,39.400002,38.939999,34.356322999999996,39.259997999999996,116200
2011-01-20,39.189999,39.360001000000004,38.75,34.22506,39.110001000000004,78500
2011-01-21,39.34,39.34,38.310001,33.883774,38.720001,121000
2011-01-24,38.84,39.25,38.439999,34.17255,39.049999,48000
2011-01-25,38.98,39.290001000000004,38.669998,34.295063,39.189999,58200
2011-01-26,39.41,39.52,39.200001,34.470085,39.389998999999996,60600
2011-01-27,39.450001,39.450001,39.099998,34.268806,39.16,69900
2011-01-28,39.23,39.23,37.32,32.92992,37.630001,92900
2011-01-31,37.349998,37.880001,36.869999,32.684886999999996,37.349998,56100
2011-02-01,37.48,39.07,37.419998,33.699993,38.509997999999996,51400
2011-02-02,38.419998,39.189999,38.389998999999996,34.198807,39.080002,37800
2011-02-03,39.130001,39.419998,38.66,34.268806,39.16,42600
2011-02-04,39.32,39.509997999999996,38.830002,34.260063,39.150002,50200
2011-02-07,39.110001000000004,39.240002000000004,38.790001000000004,34.303818,39.200001,55400
2011-02-08,39.220001,39.450001,39.16,34.51384,39.439999,55100
2011-02-09,39.360001000000004,39.439999,38.689999,34.452576,39.369999,73000
2011-02-10,39.099998,39.810001,39.009997999999996,34.715107,39.669998,32700
2011-02-11,39.560001,40.709998999999996,39.099998,35.458946000000005,40.52,78900
2011-02-14,40.57,41.380001,40.060001,35.301421999999995,40.34,169600
2011-02-15,40.349998,40.369999,39.18,35.012642,40.009997999999996,151100
2011-02-16,40.310001,40.310001,39.27,34.575103999999996,39.509997999999996,16700
2011-02-17,39.360001000000004,39.91,39.099998,34.627602,39.57,38700
2011-02-18,39.830002,39.919998,39.380001,34.566353,39.5,56600
2011-02-22,39.220001,39.66,38.200001,33.629993,38.43,98100
2011-02-23,38.619999,38.619999,37.209998999999996,33.157436,37.889998999999996,125800
2011-02-24,38.119999,38.150002,37.740002000000004,33.297455,38.049999,75600
2011-02-25,38.060001,39.0,38.060001,34.128803000000005,39.0,53800
2011-02-28,39.369999,39.369999,38.48,34.120041,38.990002000000004,112100
2011-03-01,39.0,39.0,37.360001000000004,32.772403999999995,37.450001,72300
2011-03-02,34.23,35.389998999999996,31.379998999999998,29.061983,33.209998999999996,456300
2011-03-03,33.400002,33.849998,32.959998999999996,28.860709999999997,32.98,163000
2011-03-04,33.41,33.43,32.259997999999996,28.580683,32.66,108000
2011-03-07,32.639998999999996,32.700001,30.790001,26.979248,30.83,130100
2011-03-08,30.959999,31.709999,30.42,27.425552000000003,31.34,112700
2011-03-09,31.139999,31.84,31.139999,27.626827000000002,31.57,46400
2011-03-10,31.32,31.76,31.02,27.653078000000004,31.6,92400
2011-03-11,31.690001000000002,32.240002000000004,31.440001000000002,28.081878999999997,32.09,76200
2011-03-14,32.0,32.689999,32.0,28.221889,32.25,128100
2011-03-15,32.720001,33.759997999999996,31.629998999999998,28.84321,32.959998999999996,114100
2011-03-16,32.950001,33.73,32.549999,28.913221000000004,33.040001000000004,107400
2011-03-17,33.68,34.16,33.169998,29.298262,33.48,81900
2011-03-18,33.779999,33.889998999999996,33.299999,29.639553000000003,33.869999,77100
2011-03-21,34.18,34.860001000000004,34.040001000000004,30.505892,34.860001000000004,42800
2011-03-22,34.869999,35.099998,34.290001000000004,30.619663,34.990002000000004,66400
2011-03-23,34.689999,35.330002,34.59,30.847183,35.25,92200
2011-03-24,35.32,35.560001,35.049999,30.908440000000002,35.32,34300
2011-03-25,35.540001000000004,36.349998,35.18,31.249729,35.709998999999996,43400
2011-03-28,35.849998,36.48,35.709998999999996,31.626019,36.139998999999996,22100
2011-03-29,35.950001,36.419998,35.09,31.714067,36.02,32100
2011-03-30,36.07,36.470001,35.84,32.101456,36.459998999999996,23400
2011-03-31,36.470001,37.209998999999996,36.240002000000004,32.744205,37.189999,48700
2011-04-01,37.25,37.959998999999996,36.150002,32.171913,36.540001000000004,170300
2011-04-04,36.700001,37.360001000000004,36.450001,32.515278,36.93,50700
2011-04-05,36.700001,37.419998,36.330002,32.031033,36.380001,46800
2011-04-06,36.630001,36.82,35.939999,31.696453,36.0,43600
2011-04-07,36.119999,36.669998,35.560001,31.687653000000005,35.990002000000004,34000
2011-04-08,36.310001,37.0,34.5,30.930462,35.130001,39400
2011-04-11,35.200001,35.790001000000004,35.119999,31.414719,35.68,26000
2011-04-12,35.5,35.759997999999996,34.810001,30.948066999999998,35.150002,22300
2011-04-13,35.330002,35.549999,35.02,31.036109999999997,35.25,28300
2011-04-14,35.0,35.990002000000004,35.0,31.537965999999997,35.82,31900
2011-04-15,35.66,36.41,35.66,31.951786,36.290001000000004,43800
2011-04-18,35.73,36.240002000000004,35.25,31.335471999999996,35.59,46800
2011-04-19,35.73,35.73,34.349998,30.366962,34.490002000000004,70500
2011-04-20,34.91,35.619999,34.75,31.353084999999997,35.610001000000004,18800
2011-04-21,35.900002,35.950001,35.25,31.176983,35.41,12200
2011-04-25,35.439999,35.799999,34.630001,31.053721999999997,35.27,22900
2011-04-26,35.41,36.349998,35.32,31.987005,36.330002,17600
2011-04-27,36.279999,36.889998999999996,36.279999,32.365596999999994,36.759997999999996,39000
2011-04-28,36.75,37.529999,36.59,32.673763,37.110001000000004,57000
2011-04-29,37.310001,37.630001,36.630001,32.339188,36.73,25000
2011-05-02,37.0,38.209998999999996,36.849998,33.246056,37.759997999999996,67000
2011-05-03,37.77,38.279999,37.73,33.298889,37.82,53000
2011-05-04,38.700001,38.700001,37.580002,33.263668,37.779999,56300
2011-05-05,37.75,38.700001,37.75,33.519001,38.07,51700
2011-05-06,38.529999,38.650002,37.950001,33.457378000000006,38.0,33000
2011-05-09,38.049999,38.700001,38.0,34.012058,38.630001,20000
2011-05-10,38.650002,40.23,38.459998999999996,34.998173,39.75,48200
2011-05-11,39.77,40.669998,38.990002000000004,34.434677,39.110001000000004,35000
2011-05-12,39.02,39.439999,38.299999,34.557938,39.25,25200
2011-05-13,39.470001,39.470001,38.470001,34.31142,38.970001,13000
2011-05-16,38.689999,38.889998999999996,37.990002000000004,33.457378000000006,38.0,37400
2011-05-17,38.0,39.25,38.0,34.23217,38.880001,46700
2011-05-18,39.0,39.259997999999996,38.669998,34.329025,38.990002000000004,12600
2011-05-19,39.34,39.43,39.0,34.557938,39.25,33600
2011-05-20,38.990002000000004,39.18,38.610001000000004,34.029671,38.650002,31900
2011-05-23,38.009997999999996,38.779999,37.669998,33.202034000000005,37.709998999999996,34700
2011-05-24,38.09,38.09,37.41,33.184428999999994,37.689999,21100
2011-05-25,37.75,37.900002,37.32,33.184428999999994,37.689999,19000
2011-05-26,37.689999,37.700001,37.419998,33.096385999999995,37.59,29700
2011-05-27,37.599998,37.709998999999996,37.560001,33.096385999999995,37.59,25500
2011-05-31,37.799999,38.25,37.790001000000004,33.659882,38.23,104700
2011-06-01,38.200001,38.970001,37.630001,33.131599,37.630001,45000
2011-06-02,37.75,37.75,37.23,33.166824,37.669998,16600
2011-06-03,37.139998999999996,37.77,36.27,32.066238,36.419998,32000
2011-06-06,36.490002000000004,36.490002000000004,35.419998,31.546783,35.830002,32400
2011-06-07,36.139998999999996,36.330002,35.669998,31.687653000000005,35.990002000000004,25900
2011-06-08,35.91,36.130001,35.27,31.159378000000004,35.389998999999996,35200
2011-06-09,35.639998999999996,35.639998999999996,35.360001000000004,31.282642,35.529999,11100
2011-06-10,35.310001,35.310001,34.240002000000004,30.349359999999997,34.470001,40300
2011-06-13,34.68,35.459998999999996,34.68,30.631097999999998,34.790001000000004,27900
2011-06-14,35.220001,35.630001,34.360001000000004,31.300253,35.549999,14700
2011-06-15,35.049999,35.779999,34.299999,30.296529999999997,34.41,60600
2011-06-16,34.540001000000004,35.310001,34.529999,30.745562,34.919998,22400
2011-06-17,35.09,36.459998999999996,33.779999,32.013424,36.360001000000004,114600
2011-06-20,36.18,37.099998,36.18,32.409626,36.810001,29000
2011-06-21,37.029999,37.540001000000004,36.810001,32.902683,37.369999,33300
2011-06-22,37.23,37.459998999999996,36.779999,32.409626,36.810001,14500
2011-06-23,36.529999,37.779999,36.150002,32.744205,37.189999,28300
2011-06-24,37.279999,37.450001,36.619999,32.3568,36.75,204400
2011-06-27,36.91,37.93,36.91,33.193241,37.700001,18700
2011-06-28,37.470001,37.82,37.209998999999996,33.290653000000006,37.59,20800
2011-06-29,37.759997999999996,38.5,37.759997999999996,33.928307000000004,38.310001,22700
2011-06-30,38.619999,38.889998999999996,37.990002000000004,33.972588,38.360001000000004,32000
2011-07-01,38.360001000000004,38.529999,38.0,33.777747999999995,38.139998999999996,42700
2011-07-05,38.200001,38.200001,37.5,33.574055,37.91,23400
2011-07-06,37.869999,38.740002000000004,37.459998999999996,34.167431,38.580002,40900
2011-07-07,38.610001000000004,39.349998,38.09,34.636806,39.110001000000004,32100
2011-07-08,38.709998999999996,39.169998,38.029999,34.530529,38.990002000000004,34800
2011-07-11,38.59,38.59,37.52,33.919441,38.299999,14100
2011-07-12,38.25,38.630001,37.84,33.520920000000004,37.849998,18900
2011-07-13,38.209998999999996,38.709998999999996,37.240002000000004,34.255981,38.68,24000
2011-07-14,38.599998,38.599998,37.02,32.82127,37.060001,18500
2011-07-15,37.110001000000004,38.09,37.110001000000004,33.653763,38.0,34400
2011-07-18,37.720001,38.040001000000004,37.509997999999996,33.432346,37.75,26600
2011-07-19,37.759997999999996,38.540001000000004,37.080002,34.078860999999996,38.48,33900
2011-07-20,38.549999,38.549999,37.959998999999996,34.131989000000004,38.540001000000004,17800
2011-07-21,38.84,39.540001000000004,38.669998,34.991054999999996,39.509997999999996,40800
2011-07-22,39.32,39.389998999999996,38.369999,34.096577,38.5,23000
2011-07-25,38.48,39.349998,37.849998,34.362263,38.799999,34300
2011-07-26,38.790001000000004,39.23,38.77,34.353413,38.790001000000004,16400
2011-07-27,38.77,39.189999,37.91,34.025719,38.419998,43800
2011-07-28,38.490002000000004,38.599998,37.360001000000004,33.379219,37.689999,15900
2011-07-29,37.450001,37.860001000000004,37.169998,33.450062,37.77,42200
2011-08-01,38.34,38.57,37.32,33.202090999999996,37.490002000000004,28800
2011-08-02,37.049999,37.98,35.349998,31.714243,35.810001,44800
2011-08-03,35.810001,35.810001,32.77,30.881753999999997,34.869999,54100
2011-08-04,34.330002,34.330002,32.119999,28.472851000000002,32.150002,63500
2011-08-05,32.529999,32.900002,31.5,28.747393,32.459998999999996,62400
2011-08-08,31.5,32.52,30.52,27.746634000000004,31.33,159100
2011-08-09,31.92,34.049999,30.540001,29.765873,33.610001000000004,245300
2011-08-10,32.619999,36.529999,32.080002,29.606453000000002,33.43,135900
2011-08-11,33.73,35.189999,33.619999,30.855186,34.84,116800
2011-08-12,34.959998999999996,35.049999,33.220001,29.969563,33.84,50000
2011-08-15,34.02,35.029999,33.75,30.926035,34.919998,37200
2011-08-16,34.470001,34.810001,33.540001000000004,30.066977,33.950001,27100
2011-08-17,34.130001,34.360001000000004,33.75,30.031553000000002,33.91,13900
2011-08-18,32.970001,33.470001,32.02,28.552553000000003,32.240002000000004,52000
2011-08-19,31.719998999999998,32.290001000000004,30.6,27.914903999999996,31.52,48400
2011-08-22,32.299999,33.330002,30.809998999999998,28.065468,31.690001000000002,46300
2011-08-23,31.639999,32.830002,31.43,29.030794,32.779999,48700
2011-08-24,33.439999,33.439999,32.57,29.225628000000004,33.0,56700
2011-08-25,33.209998999999996,33.209998999999996,31.57,28.021181,31.639999,28100
2011-08-26,31.5,32.59,31.139999,28.818245,32.540001000000004,27000
2011-08-29,33.200001,33.560001,32.849998,29.199066,32.970001,61500
2011-08-30,32.75,33.060001,32.41,29.154784999999997,32.919998,36700
2011-08-31,33.130001,33.27,32.279999,29.402758000000002,33.200001,95000
2011-09-01,33.07,33.830002,32.380001,29.013078999999998,32.759997999999996,38100
2011-09-02,32.209998999999996,32.919998,31.18,27.879478000000002,31.48,36900
2011-09-06,30.59,31.450001,30.59,27.684645,31.26,39100
2011-09-07,31.690001000000002,32.759997999999996,31.530001000000002,29.004225,32.75,54500
2011-09-08,32.07,33.029999,31.77,28.260302000000003,31.91,28200
2011-09-09,31.59,32.099998,30.65,27.401245,30.940001000000002,43300
2011-09-12,30.610001,31.139999,30.200001,27.463238,31.01,35100
2011-09-13,31.18,31.530001000000002,30.360001,27.835201,31.43,34400
2011-09-14,31.610001,32.189999,30.65,28.36657,32.029999,34900
2011-09-15,32.25,32.599998,31.790001,28.853671999999996,32.580002,21000
2011-09-16,32.75,32.880001,32.310001,28.87138,32.599998,132400
2011-09-19,31.969998999999998,32.060001,30.93,27.658075,31.23,18800
2011-09-20,31.440001000000002,32.099998,31.030001000000002,27.569515000000003,31.129998999999998,34400
2011-09-21,31.059998999999998,31.370001000000002,29.59,26.329635999999997,29.73,33800
2011-09-22,28.870001000000002,30.15,27.91,26.4182,29.83,76900
2011-09-23,29.790001,31.25,29.52,27.666930999999998,31.24,60200
2011-09-26,31.370001000000002,31.85,30.709999,27.950333,31.559998999999998,39100
2011-09-27,32.18,32.889998999999996,31.540001,28.455139000000003,32.130001,46400
2011-09-28,31.959999,32.810001,31.530001000000002,28.065468,31.690001000000002,47300
2011-09-29,32.439999,33.860001000000004,32.200001,29.836708,33.689999,43100
2011-09-30,32.59,33.91,32.59,29.119356,32.880001,68400
2011-10-03,32.52,33.130001,29.93,26.542189,29.969998999999998,47400
2011-10-04,29.82,33.16,29.82,29.048508,32.799999,67900
2011-10-05,32.689999,33.34,32.080002,29.46769,33.040001000000004,24300
2011-10-06,32.610001000000004,33.599998,31.440001000000002,28.549051000000002,32.009997999999996,38100
2011-10-07,31.91,31.91,30.450001,27.639339,30.99,30400
2011-10-10,31.67,32.509997999999996,31.190001000000002,28.959315999999998,32.470001,28000
2011-10-11,32.25,32.5,31.67,28.789862,32.279999,33600
2011-10-12,32.529999,34.029999,32.389998999999996,30.011734000000004,33.650002,34000
2011-10-13,33.41,33.41,32.509997999999996,29.637148,33.23,14000
2011-10-14,33.619999,34.529999,33.18,30.546858,34.25,33100
2011-10-17,33.91,33.91,32.27,28.905806,32.41,30800
2011-10-18,32.41,33.830002,32.029999,29.788765,33.400002,35000
2011-10-19,33.41,34.119999,32.98,29.50337,33.080002,15300
2011-10-20,32.689999,32.900002,31.91,29.271477,32.82,11500
2011-10-21,33.189999,33.880001,32.779999,30.092005,33.740002000000004,20700
2011-10-24,33.740002000000004,34.959998999999996,33.27,30.769838,34.5,26400
2011-10-25,34.25,34.34,34.060001,30.430915999999996,34.119999,36800
2011-10-26,34.799999,36.209998999999996,34.380001,32.045227000000004,35.93,21000
2011-10-27,36.669998,39.990002000000004,35.529999,35.550301,39.860001000000004,68500
2011-10-28,39.689999,40.110001000000004,39.310001,35.541378,39.849998,28200
2011-10-31,39.02,39.02,32.259997999999996,33.846806,37.950001,32700
2011-11-01,36.310001,37.639998999999996,35.07,31.385237,35.189999,42100
2011-11-02,35.860001000000004,36.75,35.16,32.660622,36.619999,32500
2011-11-03,37.380001,42.77,37.380001,37.895962,42.490002000000004,55900
2011-11-04,41.73,42.299999,41.360001000000004,37.432175,41.970001,36700
2011-11-07,42.02,42.080002,40.32,37.450008000000004,41.990002000000004,27000
2011-11-08,41.740002000000004,42.619999,41.43,37.806763000000004,42.389998999999996,24100
2011-11-09,40.98,41.619999,39.84,35.844639,40.189999,44300
2011-11-10,40.610001000000004,41.290001000000004,40.16,36.085438,40.459998999999996,23600
2011-11-11,41.07,41.470001,40.560001,36.861374,41.330002,24200
2011-11-14,41.330002,41.400002,40.400002,36.210289,40.599998,26600
2011-11-15,40.34,42.369999,40.16,37.066505,41.560001,54900
2011-11-16,41.240002000000004,42.580002,39.689999,35.612743,39.93,73800
2011-11-17,39.689999,40.259997999999996,39.0,35.238155,39.509997999999996,23500
2011-11-18,39.549999,40.959998999999996,39.529999,35.791119,40.130001,59500
2011-11-21,39.259997999999996,39.84,39.02,34.81897,39.040001000000004,24900
2011-11-22,39.029999,39.880001,38.790001000000004,34.596004,38.790001000000004,18300
2011-11-23,38.360001000000004,38.48,37.0,33.097633,37.110001000000004,22900
2011-11-25,36.950001,37.400002,35.919998,32.036301,35.919998,12900
2011-11-28,37.240002000000004,39.02,37.240002000000004,34.774376000000004,38.990002000000004,56400
2011-11-29,38.880001,39.5,38.82,35.229229,39.5,72200
2011-11-30,41.200001,41.459998999999996,40.459998999999996,36.923805,41.400002,65200
2011-12-01,41.119999,41.950001,40.799999,36.513531,40.939999,28400
2011-12-02,41.66,42.130001,40.59,36.272739,40.669998,23100
2011-12-05,41.41,42.080002,40.950001,37.271637,41.790001000000004,25300
2011-12-06,41.57,42.5,41.34,37.351902,41.880001,15900
2011-12-07,41.700001,42.240002000000004,41.189999,37.476765,42.02,28000
2011-12-08,41.490002000000004,41.490002000000004,39.290001000000004,35.220314,39.490002000000004,45300
2011-12-09,39.84,41.529999,39.84,36.736511,41.189999,42700
2011-12-12,40.41,41.330002,40.110001000000004,36.344078,40.75,22800
2011-12-13,41.02,41.310001,39.779999,35.621658000000004,39.939999,75200
2011-12-14,39.68,39.68,38.290001000000004,34.158974,38.299999,45400
2011-12-15,38.990002000000004,38.990002000000004,37.990002000000004,34.399784000000004,38.57,34400
2011-12-16,38.869999,39.48,37.330002,34.729778,38.939999,130100
2011-12-19,39.290001000000004,39.580002,38.0,33.953842,38.07,20700
2011-12-20,39.09,39.279999,38.470001,34.426528999999995,38.599998,52700
2011-12-21,38.57,39.279999,38.009997999999996,35.024105,39.27,36600
2011-12-22,39.48,39.98,38.59,34.631671999999995,38.830002,23100
2011-12-23,38.880001,39.720001,38.150002,34.542484,38.73,22600
2011-12-27,38.599998,39.470001,38.599998,35.095455,39.349998,14800
2011-12-28,38.939999,39.040001000000004,37.810001,33.983025,37.880001,19000
2011-12-29,37.990002000000004,38.98,37.810001,34.871178,38.869999,14200
2011-12-30,38.689999,39.139998999999996,38.689999,35.03265,39.049999,30300
2012-01-03,39.650002,40.52,39.490002000000004,36.180969,40.330002,34000
2012-01-04,39.939999,40.599998,39.630001,36.064339000000004,40.200001,18200
2012-01-05,39.77,39.799999,39.09,35.292809000000005,39.34,16800
2012-01-06,39.16,39.16,38.259997999999996,34.359814,38.299999,24900
2012-01-09,38.59,38.59,37.470001,33.776684,37.650002,25700
2012-01-10,38.330002,38.5,38.029999,34.485394,38.439999,21900
2012-01-11,38.080002,38.389998999999996,37.720001,34.243176,38.169998,16500
2012-01-12,38.189999,38.869999,38.099998,34.485394,38.439999,25900
2012-01-13,37.810001,38.549999,37.700001,34.000965,37.900002,18500
2012-01-17,38.41,38.41,36.52,32.924408,36.700001,38400
2012-01-18,36.48,37.41,36.41,33.238392,37.049999,27500
2012-01-19,37.119999,37.119999,36.52,32.807781,36.57,23300
2012-01-20,36.57,37.099998,36.200001,32.736022999999996,36.490002000000004,20400
2012-01-23,36.580002,36.700001,35.75,32.143921,35.830002,14000
2012-01-24,35.5,35.849998,35.279999,31.883748999999998,35.540001000000004,33800
2012-01-25,35.540001000000004,35.540001000000004,35.029999,31.623587,35.25,27200
2012-01-26,35.310001,35.5,35.099998,31.677414000000002,35.310001,27800
2012-01-27,35.200001,36.459998999999996,35.200001,32.269515999999996,35.970001,17000
2012-01-30,35.18,36.139998999999996,35.18,31.919635999999997,35.580002,16700
2012-01-31,35.939999,36.639998999999996,35.419998,32.377163,36.09,46500
2012-02-01,36.43,38.029999,36.43,33.651077,37.509997999999996,36100
2012-02-02,37.400002,38.860001000000004,37.400002,34.664825,38.639998999999996,25200
2012-02-03,39.52,40.759997999999996,39.419998,35.463271999999996,39.529999,56100
2012-02-06,39.360001000000004,40.200001,39.360001000000004,35.624748,39.709998999999996,13100
2012-02-07,39.779999,40.200001,37.169998,35.265910999999996,39.310001,46700
2012-02-08,39.389998999999996,40.029999,39.299999,35.893883,40.009997999999996,15900
2012-02-09,40.0,40.139998999999996,39.25,35.301792,39.349998,10500
2012-02-10,38.849998,39.330002,38.439999,34.512318,38.470001,24200
2012-02-13,38.799999,38.990002000000004,38.360001000000004,34.673801,38.650002,15300
2012-02-14,38.57,38.57,37.59,34.081696,37.990002000000004,17100
2012-02-15,38.169998,38.169998,37.73,34.11758,38.029999,17500
2012-02-16,37.900002,39.619999,37.900002,35.490181,39.560001,18000
2012-02-17,39.799999,40.27,39.610001000000004,36.127144,40.27,23400
2012-02-21,40.200001,40.900002,39.91,36.046402,40.18,9100
2012-02-22,39.970001,40.139998999999996,38.040001000000004,35.122364000000005,39.150002,12800
2012-02-23,39.349998,40.18,39.200001,35.956688,40.080002,14800
2012-02-24,40.009997999999996,40.48,39.470001,36.028461,40.16,11500
2012-02-27,39.689999,41.049999,39.259997999999996,35.759322999999995,39.860001000000004,21200
2012-02-28,39.73,40.220001,39.299999,35.526066,39.599998,32900
2012-02-29,39.77,39.990002000000004,38.310001,34.377747,38.32,29100
2012-03-01,38.470001,38.869999,37.34,33.785645,37.66,25200
2012-03-02,37.459998999999996,37.459998999999996,34.540001000000004,31.417244,35.02,41600
2012-03-05,35.02,35.799999,34.57,31.9914,35.66,18400
2012-03-06,35.119999,35.470001,35.049999,31.578734999999998,35.200001,28100
2012-03-07,35.259997999999996,35.610001000000004,35.200001,31.865796999999997,35.52,12000
2012-03-08,35.84,36.16,35.169998,32.170821999999994,35.860001000000004,20600
2012-03-09,35.779999,36.93,35.560001,32.511734000000004,36.240002000000004,21000
2012-03-12,36.029999,36.740002000000004,36.029999,32.610416,36.349998,30100
2012-03-13,36.439999,37.509997999999996,36.049999,33.6152,37.470001,40700
2012-03-14,37.459998999999996,38.23,36.849998,33.103840000000005,36.900002,14800
2012-03-15,36.889998999999996,37.349998,36.509997999999996,33.426804,37.259997999999996,13600
2012-03-16,37.220001,37.740002000000004,36.689999,33.453716,37.290001000000004,62200
2012-03-19,37.130001,38.459998999999996,36.57,34.144508,38.060001,27400
2012-03-20,37.77,38.68,37.77,34.377747,38.32,25100
2012-03-21,38.380001,39.23,38.380001,34.637917,38.610001000000004,27500
2012-03-22,38.099998,38.75,37.169998,33.516506,37.360001000000004,39000
2012-03-23,37.529999,38.220001,37.119999,34.045807,37.950001,17700
2012-03-26,38.349998,39.0,37.599998,34.835285,38.830002,29000
2012-03-27,38.77,38.830002,37.91,34.00993,37.91,18100
2012-03-28,37.950001,38.34,37.57,34.12727,37.810001,21800
2012-03-29,37.41,37.580002,36.349998,33.396172,37.0,26300
2012-03-30,37.43,37.43,36.240002000000004,32.818489,36.360001000000004,37100
2012-04-02,36.360001000000004,37.619999,36.189999,33.847466,37.5,42300
2012-04-03,37.34,37.619999,36.48,33.351036,36.950001,57800
2012-04-04,36.360001000000004,36.73,35.799999,32.574795,36.09,32000
2012-04-05,35.759997999999996,36.099998,35.450001,32.222786,35.700001,30900
2012-04-09,35.0,35.740002000000004,34.5,31.419476,34.810001,51700
2012-04-10,34.790001000000004,34.959998999999996,33.599998,30.543953000000002,33.84,42800
2012-04-11,34.310001,34.380001,33.529999,30.706419,34.02,21800
2012-04-12,33.93,34.439999,33.93,30.886932,34.220001,16600
2012-04-13,33.98,34.200001,33.630001,30.354401,33.630001,19500
2012-04-16,33.740002000000004,34.139998999999996,33.57,30.742519,34.060001,16100
2012-04-17,34.220001,35.330002,34.220001,31.419476,34.810001,33800
2012-04-18,34.669998,34.779999,33.529999,30.598104,33.900002,34800
2012-04-19,33.77,34.25,32.709998999999996,29.81284,33.029999,30600
2012-04-20,33.700001,33.860001000000004,33.290001000000004,30.372456,33.650002,49100
2012-04-23,32.970001,33.580002,32.5,29.406678999999997,32.580002,32700
2012-04-24,32.549999,33.5,32.490002000000004,30.164856,33.419998,31200
2012-04-25,33.709998999999996,34.200001,33.5,30.787657,34.110001000000004,29300
2012-04-26,33.880001,34.630001,33.77,31.067455,34.419998,16700
2012-04-27,34.279999,35.110001000000004,34.02,31.572909999999997,34.98,23200
2012-04-30,34.98,35.209998999999996,33.869999,30.742519,34.060001,36000
2012-05-01,34.169998,35.009997999999996,33.240002000000004,30.119723999999998,33.369999,29000
2012-05-02,32.98,33.689999,32.830002,30.345378999999998,33.619999,40400
2012-05-03,34.740002000000004,41.66,34.740002000000004,35.842205,39.709998999999996,205000
2012-05-04,39.669998,40.700001,39.380001,35.896361999999996,39.77,78900
2012-05-07,39.740002000000004,40.049999,39.060001,35.824158000000004,39.689999,45000
2012-05-08,39.459998999999996,39.5,38.630001,35.390903,39.209998999999996,43100
2012-05-09,38.630001,39.169998,38.279999,34.768112,38.52,38000
2012-05-10,39.029999,39.029999,37.57,34.208508,37.900002,27000
2012-05-11,37.68,37.939999,36.330002,32.836552000000005,36.380001,39200
2012-05-14,35.900002,36.009997999999996,35.259997999999996,31.834665,35.27,35800
2012-05-15,35.43,35.68,34.700001,31.527777,34.93,46000
2012-05-16,35.23,35.349998,34.470001,31.121613,34.48,42800
2012-05-17,34.439999,35.279999,34.189999,31.428503000000003,34.82,33800
2012-05-18,34.759997999999996,35.709998999999996,34.290001000000004,31.166742,34.529999,48900
2012-05-21,34.52,34.889998999999996,34.169998,30.959143,34.299999,37600
2012-05-22,34.400002,34.450001,32.52,29.885056,33.110001000000004,73000
2012-05-23,32.810001,32.950001,31.65,28.973422999999997,32.099998,66000
2012-05-24,31.950001,32.810001,30.629998999999998,29.451803,32.630001,81200
2012-05-25,32.509997999999996,32.720001,32.360001000000004,29.415696999999998,32.59,22300
2012-05-29,32.73,33.630001,32.459998999999996,30.137775,33.389998999999996,39200
2012-05-30,32.919998,33.330002,32.740002000000004,29.758692,32.970001,36200
2012-05-31,32.799999,33.18,32.439999,29.695503000000002,32.900002,79300
2012-06-01,32.130001,33.299999,32.130001,29.740634999999997,32.950001,48200
2012-06-04,33.080002,34.43,33.080002,30.426613,33.709998999999996,48700
2012-06-05,33.52,34.0,33.029999,30.209991,33.470001,26900
2012-06-06,33.810001,34.470001,33.810001,31.085504999999998,34.439999,27900
2012-06-07,34.93,35.09,34.290001000000004,31.112586999999998,34.470001,27000
2012-06-08,34.240002000000004,35.169998,31.950001,31.148692999999998,34.509997999999996,23300
2012-06-11,35.16,35.16,32.98,30.020437,33.259997999999996,33300
2012-06-12,33.66,34.41,33.220001,31.004276,34.349998,35900
2012-06-13,34.110001000000004,34.779999,33.509997999999996,30.507839,33.799999,47100
2012-06-14,33.959998999999996,34.66,33.759997999999996,30.841806,34.169998,33400
2012-06-15,34.02,35.09,33.880001,31.590961,35.0,83000
2012-06-18,34.700001,35.880001,34.09,30.805706,34.130001,34100
2012-06-19,34.189999,35.610001000000004,34.060001,31.825634,35.259997999999996,44900
2012-06-20,35.23,35.68,34.07,31.257013,34.630001,35600
2012-06-21,34.5,34.849998,33.48,30.246091999999997,33.509997999999996,29900
2012-06-22,33.77,34.91,33.610001000000004,31.229923,34.599998,268700
2012-06-25,34.189999,35.07,34.189999,31.347263,34.73,31900
2012-06-26,34.68,34.68,33.860001000000004,30.769603999999998,34.09,34100
2012-06-27,33.830002,34.349998,33.68,30.905909,34.009997999999996,20700
2012-06-28,33.610001000000004,33.959998999999996,32.82,30.142578000000004,33.169998,24000
2012-06-29,33.669998,33.73,33.18,30.651464,33.73,34100
2012-07-02,33.93,35.93,33.360001000000004,32.641575,35.919998,55200
2012-07-03,35.720001,37.040001000000004,35.57,33.532139,36.900002,13200
2012-07-05,36.669998,37.060001,36.48,33.441277,36.799999,15000
2012-07-06,36.48,37.48,36.48,33.886542999999996,37.290001000000004,55500
2012-07-09,37.259997999999996,37.77,36.900002,33.931984,37.34,40300
2012-07-10,37.509997999999996,37.59,36.310001,33.059605,36.380001,21700
2012-07-11,36.610001000000004,36.759997999999996,35.580002,32.723362,36.009997999999996,68400
2012-07-12,35.950001,36.560001,35.150002,33.105026,36.43,19300
2012-07-13,36.68,37.669998,36.5,33.277687,36.619999,22600
2012-07-16,36.700001,36.82,35.869999,32.750633,36.040001000000004,10500
2012-07-17,36.349998,36.619999,35.959998999999996,33.204997999999996,36.540001000000004,23700
2012-07-18,36.52,37.610001000000004,36.52,33.804756,37.200001,25900
2012-07-19,37.380001,37.560001,36.09,32.796062,36.09,10300
2012-07-20,35.77,35.77,34.369999,31.896423,35.099998,34700
2012-07-23,34.669998,34.869999,34.009997999999996,31.478399,34.639998999999996,21400
2012-07-24,34.639998999999996,34.639998999999996,33.380001,30.896814000000003,34.0,22600
2012-07-25,34.27,34.380001,33.259997999999996,30.224365000000002,33.259997999999996,10800
2012-07-26,33.610001000000004,34.57,33.32,31.042215000000002,34.16,13400
2012-07-27,34.099998,36.049999,33.560001,32.532543,35.799999,25400
2012-07-30,35.889998999999996,36.5,34.639998999999996,32.74155,36.029999,21600
2012-07-31,35.82,36.889998999999996,34.529999,31.769207,34.959998999999996,30800
2012-08-01,35.139998999999996,36.48,34.849998,31.669239,34.849998,32300
2012-08-02,34.700001,37.099998,34.700001,33.577571999999996,36.950001,45400
2012-08-03,37.369999,39.41,37.369999,35.767604999999996,39.360001000000004,33200
2012-08-06,39.360001000000004,39.740002000000004,38.82,35.613125,39.189999,28800
2012-08-07,39.540001000000004,39.540001000000004,38.790001000000004,35.495007,39.060001,24300
2012-08-08,37.610001000000004,39.470001,37.610001000000004,35.840302,39.439999,16000
2012-08-09,39.209998999999996,39.25,37.509997999999996,35.449558,39.009997999999996,27200
2012-08-10,39.09,39.18,38.419998,35.522259000000005,39.09,19600
2012-08-13,38.950001,39.150002,38.369999,35.258732,38.799999,69100
2012-08-14,39.060001,39.060001,38.060001,35.031544,38.549999,41000
2012-08-15,38.32,39.029999,38.310001,35.213291,38.75,19200
2012-08-16,38.580002,39.0,38.43,35.404129,38.959998999999996,24300
2012-08-17,38.990002000000004,39.639998999999996,38.669998,35.958447,39.57,35300
2012-08-20,39.32,39.560001,38.509997999999996,35.431385,38.990002000000004,18000
2012-08-21,38.939999,39.23,38.139998999999996,34.768009,38.259997999999996,17200
2012-08-22,38.41,38.720001,38.0,34.631699,38.110001000000004,29700
2012-08-23,38.200001,38.200001,37.139998999999996,34.01376,37.43,17000
2012-08-24,37.5,37.509997999999996,37.040001000000004,34.031948,37.450001,10400
2012-08-27,37.619999,37.93,37.07,33.85928,37.259997999999996,25400
2012-08-28,37.360001000000004,38.009997999999996,37.080002,34.468132000000004,37.93,21700
2012-08-29,38.0,38.419998,37.09,34.86797,38.369999,36400
2012-08-30,37.720001,38.07,37.040001000000004,33.79567,37.189999,11800
2012-08-31,37.5,37.990002000000004,36.810001,34.240947999999996,37.68,33400
2012-09-04,37.849998,38.32,37.52,34.75893,38.25,40200
2012-09-05,38.060001,39.299999,38.060001,35.522259000000005,39.09,68400
2012-09-06,39.389998999999996,40.049999,39.080002,36.394638,40.049999,42900
2012-09-07,40.299999,40.509997999999996,40.0,36.812656,40.509997999999996,40200
2012-09-10,40.639998999999996,42.049999,40.52,37.585083000000004,41.360001000000004,39100
2012-09-11,41.349998,41.799999,40.259997999999996,37.121613,40.849998,44600
2012-09-12,40.700001,41.0,40.380001,37.24884,40.990002000000004,18800
2012-09-13,41.0,42.139998999999996,40.299999,37.566902,41.34,40700
2012-09-14,41.360001000000004,42.119999,40.439999,37.048927,40.77,58200
2012-09-17,40.450001,42.380001,40.41,38.430191,42.290001000000004,39800
2012-09-18,42.299999,43.310001,41.720001,39.238968,43.18,52900
2012-09-19,43.0,43.07,42.540001000000004,38.83913,42.740002000000004,34500
2012-09-20,42.389998999999996,43.23,42.389998999999996,38.784599,42.68,38500
2012-09-21,43.27,45.619999,41.73,40.483921,44.549999,275900
2012-09-24,44.009997999999996,44.43,42.810001,39.175346000000005,43.110001000000004,76200
2012-09-25,43.540001000000004,43.810001,42.52,38.720989,42.610001000000004,36600
2012-09-26,42.029999,42.98,41.709998999999996,39.04092,42.709998999999996,77600
2012-09-27,42.889998999999996,44.310001,42.52,40.046421,43.810001,26500
2012-09-28,43.540001000000004,43.830002,42.790001000000004,39.28772,42.98,40100
2012-10-01,42.919998,44.740002000000004,41.950001,40.439484,44.240002000000004,36400
2012-10-02,44.259997999999996,44.66,43.490002000000004,40.046421,43.810001,29400
2012-10-03,43.740002000000004,44.5,43.509997999999996,40.092129,43.860001000000004,17600
2012-10-04,44.07,44.41,43.52,40.055561,43.82,34600
2012-10-05,44.110001000000004,44.619999,44.110001000000004,40.741135,44.57,59300
2012-10-08,44.360001000000004,44.830002,44.360001000000004,40.631451,44.450001,19400
2012-10-09,44.349998,44.689999,43.560001,39.936721999999996,43.689999,24300
2012-10-10,43.619999,44.080002,43.18,40.156116,43.93,29700
2012-10-11,44.110001000000004,44.619999,43.700001,40.119545,43.889998999999996,28200
2012-10-12,43.810001,44.0,42.389998999999996,39.653362,43.380001,27400
2012-10-15,43.669998,43.669998,42.720001,39.644215,43.369999,15400
2012-10-16,43.73,44.68,43.049999,39.625941999999995,43.349998,31700
2012-10-17,43.540001000000004,44.07,43.290001000000004,39.936721999999996,43.689999,29900
2012-10-18,43.720001,43.93,42.27,38.720989,42.360001000000004,30200
2012-10-19,42.200001,42.549999,40.0,36.865372,40.330002,42300
2012-10-22,40.34,41.009997999999996,40.240002000000004,37.002502,40.48,44800
2012-10-23,40.139998999999996,40.240002000000004,39.110001000000004,36.03355,39.419998,49600
2012-10-24,39.220001,40.639998999999996,39.18,36.490593,39.919998,12000
2012-10-25,40.43,40.43,38.990002000000004,35.759322999999995,39.119999,16000
2012-10-26,39.349998,39.459998999999996,38.93,35.585648,38.93,17000
2012-10-31,40.049999,42.630001,40.049999,37.880016,41.439999,56600
2012-11-01,41.490002000000004,42.380001,41.130001,37.944012,41.509997999999996,36900
2012-11-02,41.669998,42.48,38.779999,36.764828,40.220001,29200
2012-11-05,40.220001,40.580002,39.610001000000004,36.682564,40.130001,24400
2012-11-06,40.369999,41.610001000000004,40.139998999999996,37.477825,41.0,62000
2012-11-07,40.400002,40.400002,38.950001,35.896439,39.27,46200
2012-11-08,39.599998,39.599998,38.360001000000004,35.229153000000004,38.540001000000004,31500
2012-11-09,38.369999,39.91,37.259997999999996,35.741035,39.099998,23900
2012-11-12,39.130001,39.59,39.009997999999996,35.805023,39.169998,7400
2012-11-13,39.040001000000004,39.459998999999996,38.34,35.101181,38.400002,9800
2012-11-14,38.790001000000004,38.939999,36.360001000000004,33.592921999999994,36.75,37900
2012-11-15,36.869999,38.310001,36.869999,34.653267,37.91,54700
2012-11-16,37.73,38.860001000000004,37.049999,34.424744,37.66,25100
2012-11-19,38.18,39.259997999999996,37.73,35.731903,39.09,23700
2012-11-20,38.759997999999996,38.810001,38.369999,35.210873,38.52,30400
2012-11-21,38.540001000000004,38.549999,37.439999,34.625842999999996,37.880001,22000
2012-11-23,38.099998,38.330002,37.810001,35.037193,38.330002,7400
2012-11-26,38.150002,38.150002,37.27,34.406464,37.639998999999996,35800
2012-11-27,37.490002000000004,37.709998999999996,37.310001,34.168808,37.380001,26700
2012-11-28,37.25,37.59,37.029999,34.150524,37.360001000000004,52600
2012-11-29,37.540001000000004,37.599998,37.110001000000004,34.168808,37.380001,37200
2012-11-30,37.439999,37.439999,36.669998,33.711754,36.880001,56700
2012-12-03,37.290001000000004,37.82,36.389998999999996,33.684329999999996,36.849998,45100
2012-12-04,37.0,37.119999,36.75,33.748318,36.919998,25700
2012-12-05,37.080002,37.540001000000004,36.59,33.464951,36.610001000000004,39000
2012-12-06,36.650002,37.0,36.119999,33.711754,36.880001,32400
2012-12-07,37.0,37.0,35.869999,33.062740000000005,36.169998,44600
2012-12-10,36.169998,36.860001000000004,35.759997999999996,33.199867,36.32,61300
2012-12-11,36.68,36.68,35.900002,32.980488,36.080002,95500
2012-12-12,36.07,36.369999,36.0,32.916496,36.009997999999996,83800
2012-12-13,36.150002,36.580002,35.860001000000004,32.889076,35.98,36900
2012-12-14,35.849998,36.200001,35.849998,32.898216,35.990002000000004,30100
2012-12-17,36.259997999999996,36.459998999999996,36.02,33.090179,36.200001,170000
2012-12-18,35.98,36.450001,35.98,33.32029,36.200001,170000
2012-12-19,36.25,36.380001,35.990002000000004,33.173019000000004,36.040001000000004,132500
2012-12-20,35.990002000000004,36.189999,35.540001000000004,33.044146999999995,35.900002,115300
2012-12-21,35.630001,36.209998999999996,35.32,33.163803,36.029999,365100
2012-12-24,35.68,36.34,34.919998,32.381428,35.18,32600
2012-12-26,35.310001,36.68,35.310001,33.283466,36.16,54900
2012-12-27,36.09,36.25,35.5,33.246646999999996,36.119999,33300
2012-12-28,35.84,36.41,35.470001,32.749607,35.580002,20700
2012-12-31,35.709998999999996,36.849998,35.66,33.789715,36.709998999999996,25500
2013-01-02,37.689999,37.689999,35.639998999999996,33.301884,36.18,65200
2013-01-03,36.099998,36.75,35.630001,33.476753,36.369999,60000
2013-01-04,36.599998,37.43,36.380001,34.25914,37.220001,26800
2013-01-07,37.279999,37.66,37.07,34.415623,37.389998999999996,35100
2013-01-08,37.27,37.790001000000004,37.27,34.737774,37.740002000000004,41500
2013-01-09,37.919998,38.610001000000004,37.68,35.455734,38.52,33400
2013-01-10,38.549999,38.939999,38.369999,35.483334,38.549999,38900
2013-01-11,38.619999,38.900002,38.41,35.612198,38.689999,24300
2013-01-14,38.59,38.849998,38.400002,35.520157,38.59,31500
2013-01-15,38.5,38.630001,38.41,35.437317,38.5,63700
2013-01-16,38.5,38.700001,38.41,35.3913,38.450001,24700
2013-01-17,38.720001,38.849998,38.419998,35.704246999999995,38.790001000000004,51700
2013-01-18,38.830002,39.439999,38.830002,36.238113,39.369999,34700
2013-01-22,44.0,48.639998999999996,43.0,40.683884,44.200001,429200
2013-01-23,43.18,43.389998999999996,41.59,39.699005,43.130001,208700
2013-01-24,43.099998,44.0,42.290001000000004,40.389343,43.880001,150000
2013-01-25,44.009997999999996,44.119999,42.59,39.49651,42.91,104000
2013-01-28,42.700001,43.5,42.139998999999996,39.146732,42.529999,79200
2013-01-29,42.5,42.869999,41.860001000000004,39.321625,42.720001,82100
2013-01-30,42.599998,42.73,41.919998,39.073101,42.450001,121500
2013-01-31,42.450001,43.82,42.34,39.837074,43.279999,161500
2013-02-01,43.669998,43.740002000000004,42.66,39.947528999999996,43.400002,84900
2013-02-04,43.0,43.119999,42.310001,39.238781,42.630001,70600
2013-02-05,42.810001,44.0,42.419998,40.35252,43.84,56100
2013-02-06,43.560001,44.220001,43.540001000000004,40.564217,44.07,83000
2013-02-07,43.93,44.060001,43.02,40.260483,43.740002000000004,23500
2013-02-08,43.950001,44.400002,43.540001000000004,40.196045,43.669998,30200
2013-02-11,43.57,43.849998,42.720001,39.542526,42.959998999999996,24800
2013-02-12,42.880001,43.799999,42.59,40.094799,43.560001,27700
2013-02-13,43.700001,43.700001,42.91,40.104,43.57,35200
2013-02-14,43.349998,43.790001000000004,43.349998,40.223671,43.700001,24200
2013-02-15,44.009997999999996,44.209998999999996,43.48,40.168442,43.639998999999996,29300
2013-02-19,43.549999,44.950001,43.549999,41.125702000000004,44.68,47700
2013-02-20,44.779999,45.25,44.299999,41.40184,44.98,84800
2013-02-21,44.889998999999996,45.43,44.0,40.812748,44.34,132700
2013-02-22,44.860001000000004,48.93,43.799999,44.761475,48.630001,98500
2013-02-25,49.049999,49.950001,47.560001,44.02512,47.830002,85500
2013-02-26,48.099998,48.459998999999996,46.77,43.960682,47.759997999999996,86600
2013-02-27,47.59,48.16,47.27,43.61092,47.380001,30000
2013-02-28,47.279999,48.200001,46.849998,43.261146999999994,47.0,69300
2013-03-01,46.57,47.330002,46.049999,42.598423,46.279999,102200
2013-03-04,46.41,46.939999,45.919998,42.791714,46.490002000000004,65600
2013-03-05,46.740002000000004,47.119999,46.650002,43.012611,46.73,24900
2013-03-06,47.02,47.02,45.73,42.257858,45.91,44700
2013-03-07,46.049999,46.41,45.630001,42.708878000000006,46.400002,44300
2013-03-08,46.82,47.27,46.0,42.708878000000006,46.400002,49400
2013-03-11,46.139998999999996,46.73,45.73,42.267052,45.919998,42300
2013-03-12,45.919998,46.209998999999996,45.700001,42.359103999999995,46.02,66000
2013-03-13,46.189999,46.709998999999996,45.900002,42.313084,45.970001,57800
2013-03-14,46.18,46.279999,45.779999,42.359103999999995,46.02,35100
2013-03-15,46.0,46.41,44.849998,41.622741999999995,45.220001,144900
2013-03-18,44.880001,45.869999,44.880001,42.018532,45.650002,19800
2013-03-19,45.75,47.119999,45.52,43.251942,46.990002000000004,37100
2013-03-20,47.43,47.68,47.18,43.813416,47.599998,43100
2013-03-21,47.200001,47.540001000000004,46.970001,43.445229,47.200001,51300
2013-03-22,47.279999,47.799999,46.91,43.767390999999996,47.549999,35400
2013-03-25,47.869999,47.970001,46.990002000000004,43.923874,47.720001,23900
2013-03-26,47.84,48.5,47.240002000000004,44.540581,48.389998999999996,22000
2013-03-27,47.919998,48.360001000000004,47.48,44.328869,48.16,20400
2013-03-28,48.290001000000004,48.860001000000004,47.919998,44.65102,48.509997999999996,43100
2013-04-01,48.68,49.0,48.259997999999996,44.871933,48.75,45800
2013-04-02,49.099998,49.849998,48.470001,44.752274,48.619999,15700
2013-04-03,48.849998,48.990002000000004,48.119999,44.697044,48.560001,45400
2013-04-04,48.380001,49.490002000000004,48.360001000000004,45.613009999999996,49.299999,21400
2013-04-05,48.619999,48.82,46.830002,43.605297,47.130001,51700
2013-04-08,47.439999,47.93,46.830002,44.077152000000005,47.639998999999996,28500
2013-04-09,47.880001,47.98,47.259997999999996,43.845856,47.389998999999996,37300
2013-04-10,47.720001,49.68,47.41,45.696274,49.389998999999996,52400
2013-04-11,49.18,50.41,48.959998999999996,45.381706,49.049999,25900
2013-04-12,48.990002000000004,49.919998,48.470001,45.918335,49.630001,36200
2013-04-15,49.310001,49.91,47.34,44.382469,47.970001,34300
2013-04-16,48.32,48.860001000000004,47.549999,44.743309,48.360001000000004,37600
2013-04-17,48.049999,48.66,46.669998,43.410995,46.919998,40700
2013-04-18,47.209998999999996,47.380001,46.549999,43.327736,46.830002,30600
2013-04-19,46.759997999999996,48.5,46.759997999999996,44.706299,48.32,22300
2013-04-22,48.599998,49.470001,48.0,45.511238,49.189999,49700
2013-04-23,49.689999,51.09,48.810001,46.686256,50.459998999999996,42700
2013-04-24,50.27,51.099998,49.759997999999996,46.205151,49.939999,35400
2013-04-25,50.0,50.240002000000004,49.240002000000004,45.86282,49.57,47200
2013-04-26,49.470001,50.0,48.950001,46.084872999999995,49.810001,33000
2013-04-29,49.650002,50.75,49.650002,46.612244,50.380001,40800
2013-04-30,49.75,51.189999,48.990002000000004,46.973076,50.77,65200
2013-05-01,50.759997999999996,51.849998,49.450001,45.918335,49.630001,71300
2013-05-02,49.25,50.959998999999996,49.080002,46.501209,50.259997999999996,47600
2013-05-03,50.959998999999996,51.860001000000004,50.950001,47.195122,51.009997999999996,40200
2013-05-06,50.52,50.830002,48.93,45.733284000000005,49.43,56700
2013-05-07,49.369999,49.490002000000004,48.110001000000004,45.372452,49.040001000000004,67800
2013-05-08,48.75,50.0,48.75,45.936832,49.650002,44700
2013-05-09,49.779999,49.970001,48.790001000000004,45.21516,48.869999,44700
2013-05-10,48.970001,49.41,48.34,45.501979999999996,49.18,46500
2013-05-13,49.25,49.41,48.939999,45.668521999999996,49.360001000000004,12100
2013-05-14,49.34,50.950001,49.34,46.760269,50.540001000000004,27500
2013-05-15,50.240002000000004,50.560001,50.080002,46.62149,50.389998999999996,17600
2013-05-16,50.380001,51.25,50.080002,46.945316,50.740002000000004,30400
2013-05-17,51.02,51.380001,50.619999,47.398674,51.23,35200
2013-05-20,50.900002,50.900002,49.509997999999996,46.010849,49.73,31300
2013-05-21,49.889998999999996,50.029999,49.299999,45.86282,49.57,21600
2013-05-22,49.48,50.029999,48.25,45.205917,48.860001000000004,39200
2013-05-23,48.5,50.68,48.400002,46.760269,50.540001000000004,33200
2013-05-24,50.32,50.5,49.639998999999996,46.714016,50.490002000000004,24900
2013-05-28,51.34,51.860001000000004,50.66,47.213627,51.029999,46700
2013-05-29,50.580002,50.810001,49.5,46.639996000000004,50.41,42200
2013-05-30,50.619999,50.98,50.459998999999996,46.806534,50.59,23200
2013-05-31,50.189999,50.400002,49.720001,46.047859,49.77,30000
2013-06-03,50.080002,50.349998,49.029999,46.519721999999994,50.279999,47900
2013-06-04,50.5,50.830002,48.93,45.705532,49.400002,64100
2013-06-05,49.279999,49.279999,48.25,44.706299,48.32,57100
2013-06-06,48.32,49.869999,47.93,46.112625,49.84,79800
2013-06-07,50.32,50.48,49.689999,46.306915000000004,50.049999,27800
2013-06-10,49.759997999999996,50.849998,49.450001,47.028587,50.830002,37900
2013-06-11,50.689999,50.700001,49.34,45.844318,49.549999,49200
2013-06-12,50.080002,50.080002,48.5,45.446476000000004,49.119999,49300
2013-06-13,49.139998999999996,50.419998,48.959998999999996,46.501209,50.259997999999996,38500
2013-06-14,50.27,50.700001,49.5,45.936832,49.650002,48500
2013-06-17,50.290001000000004,50.5,48.689999,45.548244,49.23,36000
2013-06-18,49.439999,50.830002,49.130001,46.917564,50.709998999999996,32800
2013-06-19,50.189999,51.189999,49.830002,46.926811,50.720001,19800
2013-06-20,49.799999,50.529999,49.5,46.140384999999995,49.869999,44400
2013-06-21,50.139998999999996,50.5,49.799999,46.121871999999996,49.849998,142500
2013-06-24,49.48,50.150002,49.200001,45.557495,49.240002000000004,61400
2013-06-25,49.91,49.919998,49.009997999999996,45.825809,49.529999,28300
2013-06-26,49.66,49.66,48.439999,45.193474,48.599998,21800
2013-06-27,49.07,49.830002,48.599998,46.188465,49.669998,21300
2013-06-28,49.41,50.139998999999996,49.27,46.179176,49.66,31000
2013-07-01,49.709998999999996,50.310001,49.32,46.765015000000005,50.290001000000004,24200
2013-07-02,50.099998,50.25,49.52,46.662727000000004,50.18,27300
2013-07-03,49.759997999999996,50.580002,49.330002,46.067589,49.540001000000004,28100
2013-07-05,50.32,50.389998999999996,49.25,46.327961,49.82,17500
2013-07-08,49.709998999999996,50.5,49.709998999999996,46.960293,50.5,26100
2013-07-09,50.650002,52.080002,50.360001000000004,48.410957,52.060001,37300
2013-07-10,52.0,52.490002000000004,49.5,48.699222999999996,52.369999,27300
2013-07-11,52.5,52.5,51.869999,48.810806,52.490002000000004,34500
2013-07-12,52.259997999999996,53.790001000000004,52.259997999999996,49.740715,53.490002000000004,38700
2013-07-15,54.080002,54.689999,52.209998999999996,50.717117,54.540001000000004,100800
2013-07-16,54.400002,55.040001000000004,53.419998,50.521839,54.330002,52500
2013-07-17,54.82,55.689999,54.029999,50.512539000000004,54.32,56700
2013-07-18,54.639998999999996,54.959998999999996,53.900002,50.23357,54.02,55100
2013-07-19,53.950001,54.240002000000004,53.66,50.196362,53.98,39300
2013-07-22,53.75,54.349998,52.82,50.205673,53.990002000000004,42900
2013-07-23,54.040001000000004,54.889998999999996,53.310001,50.958892999999996,54.799999,41100
2013-07-24,54.919998,55.110001000000004,53.639998999999996,49.954586,53.720001,32000
2013-07-25,53.470001,54.200001,53.02,50.075480999999996,53.849998,58300
2013-07-26,53.419998,53.580002,53.200001,49.554737,53.290001000000004,15900
2013-07-29,52.900002,53.41,52.59,49.033981,52.73,28400
2013-07-30,52.790001000000004,52.900002,51.950001,48.968899,52.66,21800
2013-07-31,53.110001000000004,53.110001000000004,50.5,47.425247,51.0,93600
2013-08-01,51.34,52.529999,51.0,47.787903,51.389998999999996,45100
2013-08-02,51.009997999999996,51.130001,50.549999,47.229977000000005,50.790001000000004,54600
2013-08-05,50.41,51.560001,50.139998999999996,47.77861,51.380001,31400
2013-08-06,51.080002,51.259997999999996,50.279999,46.839405,50.369999,25000
2013-08-07,50.5,51.099998,50.5,47.062584,50.610001000000004,19700
2013-08-08,50.73,50.790001000000004,50.07,46.755714000000005,50.279999,23300
2013-08-09,50.279999,50.82,50.0,46.709221,50.23,21200
2013-08-12,50.0,50.490002000000004,49.82,46.839405,50.369999,13200
2013-08-13,50.259997999999996,50.470001,49.099998,45.97459,49.439999,28700
2013-08-14,49.5,49.599998,48.5,45.388756,48.810001,51400
2013-08-15,48.290001000000004,48.57,48.099998,44.737823,48.110001000000004,32900
2013-08-16,47.880001,47.990002000000004,47.099998,44.003184999999995,47.32,31200
2013-08-19,47.32,47.41,47.099998,43.854411999999996,47.16,27700
2013-08-20,47.330002,47.619999,47.099998,43.891602,47.200001,21800
2013-08-21,47.099998,47.389998999999996,46.240002000000004,43.073291999999995,46.32,24300
2013-08-22,46.5,47.009997999999996,46.099998,43.603325,46.889998999999996,12600
2013-08-23,46.889998999999996,47.029999,46.299999,43.435951,46.709998999999996,14200
2013-08-26,46.709998999999996,46.970001,46.419998,43.296463,46.560001,22700
2013-08-27,46.0,46.68,45.43,42.338646000000004,45.529999,26500
2013-08-28,45.66,46.169998,45.0,42.608334,45.82,17700
2013-08-29,45.82,47.540001000000004,45.82,44.068287,47.389998999999996,24100
2013-08-30,47.200001,47.369999,46.970001,43.928791,47.240002000000004,40900
2013-09-03,47.529999,48.040001000000004,47.200001,43.965996000000004,47.279999,20500
2013-09-04,47.27,47.84,47.27,44.263565,47.599998,54400
2013-09-05,47.66,48.540001000000004,47.66,44.821509999999996,48.200001,29700
2013-09-06,48.34,48.529999,47.77,44.551834,47.91,30000
2013-09-09,47.639998999999996,47.919998,47.57,44.449539,47.799999,19100
2013-09-10,47.91,47.91,47.599998,44.486740000000005,47.84,23400
2013-09-11,47.68,47.82,47.599998,44.356552,47.700001,28000
2013-09-12,47.82,48.25,47.709998999999996,44.654121,48.02,12600
2013-09-13,48.259997999999996,50.529999,47.689999,46.755714000000005,50.279999,37100
2013-09-16,50.279999,50.279999,49.07,46.011787,49.48,62100
2013-09-17,49.48,50.66,48.91,46.913803,50.450001,29000
2013-09-18,50.299999,50.689999,48.970001,46.104782,49.580002,22800
2013-09-19,49.84,49.84,48.73,45.630531,49.07,20700
2013-09-20,49.110001000000004,50.75,49.07,46.318653000000005,49.810001,153700
2013-09-23,50.080002,50.849998,49.900002,47.07188,50.619999,25800
2013-09-24,50.59,51.470001,49.849998,47.574036,51.16,47700
2013-09-25,51.16,51.549999,51.080002,47.713528000000004,51.310001,32500
2013-09-26,51.18,52.0,51.18,48.339847999999996,51.709998999999996,22600
2013-09-27,51.32,51.970001,50.040001000000004,48.29311,51.66,9500
2013-09-30,50.950001,52.290001000000004,50.950001,48.732479,52.130001,41500
2013-10-01,51.959998999999996,53.470001,51.950001,49.975796,53.459998999999996,42500
2013-10-02,52.869999,53.360001000000004,52.470001,49.433597999999996,52.880001,28200
2013-10-03,52.700001,52.990002000000004,51.900002,49.442947,52.889998999999996,37400
2013-10-04,52.75,53.049999,52.139998999999996,49.321426,52.759997999999996,27300
2013-10-07,52.389998999999996,53.150002,51.82,49.293377,52.73,48600
2013-10-08,52.779999,52.799999,52.169998,48.938137,52.349998,27600
2013-10-09,52.259997999999996,52.650002,51.73,48.526817,51.91,19300
2013-10-10,52.470001,52.799999,51.77,49.255984999999995,52.689999,10000
2013-10-11,52.389998999999996,53.82,52.389998999999996,50.162762,53.66,22300
2013-10-14,52.919998,53.75,52.919998,50.237556,53.740002000000004,18300
2013-10-15,53.419998,53.889998999999996,53.060001,49.732738,53.200001,16000
2013-10-16,53.43,54.0,53.32,50.471264,53.990002000000004,21500
2013-10-17,53.880001,54.490002000000004,53.880001,50.686271999999995,54.220001,34800
2013-10-18,54.459998999999996,54.880001,54.310001,51.172375,54.740002000000004,30600
2013-10-21,54.810001,55.669998,54.650002,51.508911,55.099998,29900
2013-10-22,55.400002,55.75,54.880001,51.639793,55.240002000000004,12100
2013-10-23,55.080002,55.490002000000004,54.700001,51.527599,55.119999,19000
2013-10-24,55.130001,55.5,54.900002,51.826756,55.439999,14600
2013-10-25,55.720001,55.759997999999996,54.639998999999996,52.079155,55.709998999999996,13900
2013-10-28,55.57,56.0,54.689999,52.312870000000004,55.959998999999996,20000
2013-10-29,55.970001,55.970001,55.0,52.163292,55.799999,15300
2013-10-30,55.0,55.860001000000004,54.529999,51.03215,54.59,19400
2013-10-31,54.650002,55.959998999999996,53.880001,51.80806,55.419998,42400
2013-11-01,55.209998999999996,55.650002,53.84,50.592781,54.119999,35500
2013-11-04,54.16,55.799999,53.98,51.723919,55.330002,53500
2013-11-05,54.68,54.68,52.040001000000004,49.312065000000004,52.75,58500
2013-11-06,53.049999,55.240002000000004,52.689999,51.181725,54.75,23200
2013-11-07,54.869999,54.990002000000004,53.470001,50.190811,53.689999,30300
2013-11-08,53.700001,57.450001,53.25,52.53722,56.200001,65300
2013-11-11,55.919998,56.700001,55.73,52.406349,56.060001,45100
2013-11-12,56.040001000000004,57.110001000000004,55.889998999999996,52.827011,56.509997999999996,37000
2013-11-13,56.0,57.619999,56.0,53.864677,57.619999,16100
2013-11-14,57.459998999999996,57.990002000000004,56.119999,52.57461899999999,56.240002000000004,11200
2013-11-15,56.049999,56.68,55.59,52.733536,56.41,23100
2013-11-18,56.849998,58.099998,56.59,53.200947,56.91,35900
2013-11-19,57.110001000000004,57.110001000000004,55.439999,51.976321999999996,55.599998,27200
2013-11-20,55.700001,55.700001,54.310001,51.219128000000005,54.790001000000004,17400
2013-11-21,55.189999,55.59,53.139998999999996,51.415428000000006,55.0,28000
2013-11-22,55.169998,55.77,54.25,51.536953000000004,55.130001,34800
2013-11-25,54.560001,55.709998999999996,54.560001,51.340641,54.919998,23500
2013-11-26,55.130001,55.66,54.630001,51.86414,55.48,38900
2013-11-27,55.709998999999996,56.240002000000004,55.200001,52.490479,56.150002,32000
2013-11-29,56.549999,57.0,55.860001000000004,52.415684000000006,56.07,12000
2013-12-02,56.07,56.48,55.240002000000004,51.882843,55.5,34500
2013-12-03,55.529999,56.060001,54.900002,52.210029999999996,55.849998,67000
2013-12-04,55.439999,55.439999,54.540001000000004,51.153679,54.720001,22300
2013-12-05,54.549999,55.009997999999996,54.439999,51.106937,54.669998,20000
2013-12-06,55.240002000000004,55.259997999999996,54.73,51.219128000000005,54.790001000000004,15100
2013-12-09,54.52,54.740002000000004,53.619999,50.340382,53.849998,22700
2013-12-10,53.889998999999996,53.889998999999996,53.02,50.087978,53.580002,28900
2013-12-11,53.41,53.59,53.009997999999996,49.676655,53.139998999999996,32700
2013-12-12,53.169998,54.150002,53.009997999999996,50.312328,53.82,24000
2013-12-13,54.049999,54.610001000000004,53.16,50.508648,54.029999,38700
2013-12-16,54.099998,55.540001000000004,53.970001,51.733273,55.34,77000
2013-12-17,55.16,55.380001,54.32,51.452824,55.040001000000004,32100
2013-12-18,54.98,55.32,54.73,51.406086,54.990002000000004,71500
2013-12-19,55.099998,55.279999,54.240002000000004,50.854534,54.400002,28800
2013-12-20,54.650002,55.740002000000004,54.650002,51.695877,55.299999,187600
2013-12-23,55.529999,56.34,55.509997999999996,52.518524,56.18,71100
2013-12-24,56.07,57.580002,56.07,53.556187,57.290001000000004,23500
2013-12-26,57.290001000000004,57.299999,56.68,53.191607999999995,56.900002,30200
2013-12-27,56.84,57.0,56.580002,53.304317000000005,56.75,22700
2013-12-30,56.84,57.110001000000004,55.82,52.440178,55.830002,13300
2013-12-31,55.970001,57.27,55.73,53.135239,56.57,27700
2014-01-02,56.439999,56.439999,55.060001,52.195957,55.57,47000
2014-01-03,55.580002,57.630001,55.349998,53.266739,56.709998999999996,45600
2014-01-06,56.970001,57.209998999999996,55.849998,52.815887,56.23,39000
2014-01-07,56.580002,57.709998999999996,56.16,53.013142,56.439999,57300
2014-01-08,56.509997999999996,57.279999,56.389998999999996,53.736385,57.209998999999996,89400
2014-01-09,57.380001,58.34,57.029999,54.685058999999995,58.220001,110300
2014-01-10,58.240002000000004,58.689999,57.900002,54.572345999999996,58.099998,32100
2014-01-13,58.049999,59.0,57.16,54.34692,57.860001000000004,67200
2014-01-14,58.279999,58.830002,57.740002000000004,54.572345999999996,58.099998,36000
2014-01-15,58.5,59.18,57.529999,55.107735,58.669998,30000
2014-01-16,58.720001,59.080002,57.900002,55.248622999999995,58.82,47800
2014-01-17,58.91,59.68,58.68,55.633739,59.23,38500
2014-01-21,59.860001000000004,60.490002000000004,59.73,56.450908999999996,60.099998,20900
2014-01-22,60.369999,61.990002000000004,60.009997999999996,56.845409,60.52,33400
2014-01-23,60.5,61.529999,59.82,57.362019,61.07,46600
2014-01-24,60.990002000000004,61.0,60.009997999999996,56.901779000000005,60.580002,85400
2014-01-27,60.439999,61.75,60.16,56.779658999999995,60.450001,49300
2014-01-28,60.27,61.209998999999996,59.580002,56.169128,59.799999,85600
2014-01-29,59.470001,59.470001,58.240002000000004,55.351952000000004,58.93,46400
2014-01-30,59.529999,59.529999,58.560001,55.586783999999994,59.18,35200
2014-01-31,58.380001,59.439999,56.189999,54.713234,58.25,74600
2014-02-03,58.25,58.299999,57.450001,54.093315000000004,57.59,91000
2014-02-04,58.119999,58.810001,57.380001,54.901093,58.450001,51900
2014-02-05,58.220001,58.220001,57.470001,54.309349,57.82,48700
2014-02-06,57.919998,58.459998999999996,57.5,54.750813,58.290001000000004,43400
2014-02-07,58.349998,59.970001,57.959998999999996,55.154701,58.720001,50300
2014-02-10,58.91,59.400002,57.790001000000004,54.525379,58.049999,56000
2014-02-11,58.23,58.66,57.799999,54.901093,58.450001,44500
2014-02-12,58.34,59.27,58.220001,55.389526000000004,58.970001,50600
2014-02-13,58.669998,61.32,58.669998,57.19294,60.889998999999996,70000
2014-02-14,60.91,60.91,59.610001000000004,56.770264000000005,60.439999,37000
2014-02-18,60.66,60.66,59.41,56.450908999999996,60.099998,68300
2014-02-19,60.060001,60.959998999999996,59.41,56.460304,60.110001000000004,52200
2014-02-20,59.990002000000004,60.990002000000004,59.77,56.79845,60.470001,32000
2014-02-21,60.880001,62.02,60.810001,57.756516000000005,61.490002000000004,33600
2014-02-24,61.84,62.610001000000004,61.259997999999996,58.057083,61.810001,51700
2014-02-25,62.07,62.080002,61.209998999999996,58.1604,61.919998,28100
2014-02-26,64.849998,66.25,63.099998,61.044006,64.989998,88500
2014-02-27,64.940002,66.160004,63.599998,60.489826,64.400002,179200
2014-02-28,64.599998,65.739998,63.810001,61.560623,65.540001,111700
2014-03-03,65.519997,65.519997,64.349998,61.184898,65.139999,90700
2014-03-04,65.940002,67.050003,65.879997,62.443546,66.480003,101500
2014-03-05,66.519997,67.160004,61.860001000000004,61.795437,65.790001,84100
2014-03-06,65.93,66.199997,65.379997,62.06783299999999,66.08000200000001,39600
2014-03-07,66.589996,66.589996,65.470001,61.964504000000005,65.970001,46200
2014-03-10,66.040001,66.220001,65.41999799999999,61.879963000000004,65.879997,66200
2014-03-11,66.230003,66.639999,65.089996,61.936329,65.940002,107600
2014-03-12,65.660004,66.199997,65.139999,61.588786999999996,65.57,88600
2014-03-13,65.139999,66.339996,64.349998,60.856152,64.790001,199800
2014-03-14,64.040001,65.589996,63.98,60.903114,64.839996,130500
2014-03-17,65.209999,66.120003,64.690002,61.804832,65.800003,129800
2014-03-18,65.940002,66.889999,65.910004,62.640793,66.690002,171400
2014-03-19,66.699997,66.720001,65.91999799999999,62.39658000000001,66.43,83400
2014-03-20,66.150002,66.83000200000001,66.150002,62.40596800000001,66.440002,61800
2014-03-21,66.400002,66.809998,66.150002,62.725322999999996,66.779999,254500
2014-03-24,66.75,67.160004,65.66999799999999,62.189941000000005,66.209999,152400
2014-03-25,66.550003,66.809998,65.779999,62.274471,66.300003,79800
2014-03-26,66.589996,66.589996,65.529999,61.710892,65.699997,72200
2014-03-27,65.660004,65.980003,64.870003,61.427948,65.129997,67200
2014-03-28,65.139999,65.809998,64.970001,61.729758999999994,65.449997,43500
2014-03-31,65.879997,67.0,65.58000200000001,62.173042,65.91999799999999,161500
2014-04-01,66.16999799999999,66.980003,65.480003,62.814384,66.599998,135300
2014-04-02,66.610001,67.089996,66.25,63.097347,66.900002,77300
2014-04-03,67.040001,67.040001,64.5,61.239318999999995,64.93,98100
2014-04-04,65.129997,65.129997,63.0,60.201843000000004,63.830002,92500
2014-04-07,63.759997999999996,63.759997999999996,62.349998,59.088917,62.650002,128300
2014-04-08,62.889998999999996,64.18,62.889998999999996,60.22069499999999,63.849998,67200
2014-04-09,63.98,64.389999,63.25,60.560249,64.209999,37400
2014-04-10,64.040001,64.040001,62.400002,59.239815,62.810001,71900
2014-04-11,62.360001000000004,62.529999,61.529999,58.145756000000006,61.650002,67700
2014-04-14,61.990002000000004,63.369999,61.040001000000004,58.334385,61.849998,67900
2014-04-15,62.150002,62.169998,60.34,58.2495,61.759997999999996,68000
2014-04-16,62.0,62.119999,61.34,58.334385,61.849998,49700
2014-04-17,61.849998,62.529999,61.650002,58.475868000000006,62.0,40000
2014-04-21,62.25,62.25,61.380001,58.475868000000006,62.0,65800
2014-04-22,61.939999,63.459998999999996,61.549999,59.626514,63.220001,53700
2014-04-23,63.619999,63.619999,62.130001,58.721084999999995,62.259997999999996,62700
2014-04-24,62.77,62.77,61.09,57.95711899999999,61.450001,90200
2014-04-25,61.060001,62.110001000000004,60.5,58.023143999999995,61.52,97500
2014-04-28,61.880001,62.709998999999996,60.880001,58.164616,61.669998,78200
2014-04-29,61.669998,62.5,60.939999,57.75905600000001,61.240002000000004,45900
2014-04-30,61.240002000000004,62.110001000000004,58.509997999999996,55.806713,59.169998,106800
2014-05-01,59.169998,60.860001000000004,56.0,53.901543000000004,57.150002,179600
2014-05-02,57.07,58.200001,56.75,54.033584999999995,57.290001000000004,80400
2014-05-05,56.849998,57.799999,56.790001000000004,54.363682,57.639998999999996,65000
2014-05-06,57.360001000000004,57.48,57.009997999999996,53.854385,57.099998,81300
2014-05-07,57.099998,57.400002,56.580002,53.9487,57.200001,64400
2014-05-08,57.07,58.669998,55.950001,52.93951800000001,56.130001,82300
2014-05-09,55.880001,57.549999,55.880001,54.127894999999995,57.389998999999996,53500
2014-05-12,57.75,59.209998999999996,57.75,55.457747999999995,58.799999,60400
2014-05-13,58.59,59.259997999999996,57.139998999999996,54.043006999999996,57.299999,80100
2014-05-14,57.349998,57.41,56.139998999999996,53.165870999999996,56.369999,68100
2014-05-15,56.119999,56.77,55.27,52.873497,56.060001,41800
2014-05-16,55.889998999999996,56.52,54.959998999999996,52.703728000000005,55.880001,39900
2014-05-19,55.790001000000004,56.77,55.790001000000004,53.38279300000001,56.599998,26800
2014-05-20,56.259997999999996,57.009997999999996,54.880001,52.241572999999995,55.389998999999996,47900
2014-05-21,55.810001,55.900002,54.259997999999996,51.590801,54.700001,41100
2014-05-22,55.009997999999996,55.07,54.279999,51.373878000000005,54.470001,31800
2014-05-23,54.610001000000004,55.389998999999996,54.610001000000004,52.109539,55.25,36400
2014-05-27,55.810001,56.27,55.639998999999996,52.694297999999996,55.869999,35400
2014-05-28,55.959998999999996,56.389998999999996,54.73,52.20385,55.349998,38900
2014-05-29,55.709998999999996,56.060001,55.330002,52.401920000000004,55.560001,34500
2014-05-30,55.709998999999996,56.18,55.040001000000004,52.647137,55.82,53800
2014-06-02,55.93,56.830002,54.279999,51.411594,54.509997999999996,53200
2014-06-03,54.490002000000004,54.630001,53.759997999999996,51.336151,54.43,49600
2014-06-04,54.02,55.360001000000004,53.759997999999996,51.562508,54.669998,45800
2014-06-05,54.990002000000004,55.990002000000004,54.23,52.807476,55.990002000000004,47000
2014-06-06,55.939999,56.599998,55.290001000000004,52.656578,55.830002,39000
2014-06-09,55.950001,56.220001,55.34,52.543385,55.709998999999996,55400
2014-06-10,55.73,55.790001000000004,55.16,52.571690000000004,55.740002000000004,29900
2014-06-11,55.299999,55.540001000000004,54.560001,52.288738,55.439999,35900
2014-06-12,55.279999,55.470001,54.759997999999996,52.071815,55.209998999999996,35800
2014-06-13,55.43,55.470001,54.91,52.071815,55.209998999999996,25900
2014-06-16,55.040001000000004,55.200001,54.509997999999996,51.854884999999996,54.98,59300
2014-06-17,54.82,55.240002000000004,54.330002,51.986919,55.119999,42900
2014-06-18,55.119999,55.759997999999996,54.669998,52.260436999999996,55.41,44000
2014-06-19,55.709998999999996,55.709998999999996,54.919998,52.118965,55.259997999999996,45800
2014-06-20,55.68,55.68,54.470001,52.364193,55.52,185300
2014-06-23,55.66,55.880001,55.41,52.50565699999999,55.669998,46200
2014-06-24,55.799999,56.689999,55.619999,52.581116,55.75,29000
2014-06-25,55.560001,56.029999,55.41,52.666004,55.84,37300
2014-06-26,55.650002,55.919998,55.450001,52.789211,55.700001,32900
2014-06-27,55.279999,57.560001,55.16,54.542530000000006,57.549999,341100
2014-06-30,57.630001,58.18,56.830002,54.969009,58.0,50100
2014-07-01,57.900002,59.029999,57.900002,55.158561999999996,58.200001,48600
2014-07-02,58.32,58.32,57.889998999999996,54.912144,57.939999,28900
2014-07-03,58.25,58.52,57.950001,55.414452000000004,58.470001,14700
2014-07-07,58.040001000000004,58.52,57.77,55.130127,58.169998,42700
2014-07-08,58.18,58.5,57.560001,55.281773,58.330002,94600
2014-07-09,58.560001,58.709998999999996,57.759997999999996,55.082744999999996,58.119999,39600
2014-07-10,57.389998999999996,57.779999,56.779999,54.125523,57.110001000000004,66100
2014-07-11,57.09,57.66,56.5,53.642174,56.599998,39600
2014-07-14,57.09,57.09,56.02,53.319942000000005,56.259997999999996,50600
2014-07-15,56.290001000000004,56.290001000000004,55.279999,52.779724,55.689999,19700
2014-07-16,55.970001,55.970001,55.049999,52.334293,55.220001,39000
2014-07-17,55.16,55.27,53.919998,51.215953999999996,54.040001000000004,32800
2014-07-18,53.889998999999996,54.779999,53.720001,51.282291,54.110001000000004,46300
2014-07-21,53.810001,54.200001,53.25,51.149615999999995,53.970001,74800
2014-07-22,54.259997999999996,54.689999,54.049999,51.794071,54.650002,24700
2014-07-23,54.259997999999996,55.049999,54.259997999999996,51.879372,54.740002000000004,27100
2014-07-24,54.720001,54.990002000000004,53.75,51.756168,54.610001000000004,21600
2014-07-25,54.209998999999996,54.310001,53.790001000000004,51.263344000000004,54.09,26000
2014-07-28,53.950001,54.779999,53.93,51.680347,54.529999,31900
2014-07-29,54.849998,55.110001000000004,54.150002,51.519238,54.360001000000004,33700
2014-07-30,55.869999,59.689999,55.869999,56.286377,59.389998999999996,80300
2014-07-31,58.669998,59.330002,58.040001000000004,55.452362,58.509997999999996,38500
2014-08-01,58.459998999999996,59.349998,58.060001,55.80302,58.880001,37500
2014-08-04,59.439999,59.470001,57.66,55.916759,59.0,35200
2014-08-05,58.84,59.540001000000004,58.669998,56.07786899999999,59.169998,33500
2014-08-06,59.049999,59.93,58.830002,56.238983,59.34,22400
2014-08-07,59.330002,59.380001,58.84,55.94518299999999,59.029999,33700
2014-08-08,59.040001000000004,59.349998,58.799999,55.840934999999995,58.919998,35000
2014-08-11,59.0,59.990002000000004,58.700001,56.182117000000005,59.279999,28100
2014-08-12,59.25,59.279999,58.220001,55.632422999999996,58.700001,54100
2014-08-13,58.610001000000004,59.0,58.540001000000004,55.689296999999996,58.759997999999996,26300
2014-08-14,58.869999,59.0,58.419998,55.755642,58.830002,57200
2014-08-15,59.290001000000004,59.330002,58.110001000000004,55.395495999999994,58.450001,71600
2014-08-18,58.900002,59.099998,58.5,55.793549,58.869999,49400
2014-08-19,59.09,59.09,58.139998999999996,55.319679,58.369999,33500
2014-08-20,58.209998999999996,58.5,57.689999,55.196472,58.240002000000004,26000
2014-08-21,58.130001,58.330002,57.689999,55.063786,58.099998,33900
2014-08-22,58.220001,58.419998,57.849998,55.120647,58.16,37200
2014-08-25,58.16,58.299999,57.43,54.855281999999995,57.880001,71900
2014-08-26,57.990002000000004,58.779999,57.669998,55.698772,58.77,123300
2014-08-27,58.709998999999996,59.990002000000004,58.709998999999996,56.163169999999994,59.259997999999996,59700
2014-08-28,58.860001000000004,59.299999,58.84,55.821982999999996,58.900002,43400
2014-08-29,58.84,58.900002,58.529999,55.575565000000005,58.639998999999996,54400
2014-09-02,59.040001000000004,59.52,58.57,55.585052000000005,58.650002,59700
2014-09-03,59.110001000000004,59.110001000000004,58.25,55.575565000000005,58.639998999999996,79300
2014-09-04,58.889998999999996,59.099998,58.209998999999996,55.196472,58.240002000000004,70100
2014-09-05,58.310001,58.5,57.98,55.367065000000004,58.419998,77500
2014-09-08,58.310001,58.5,58.02,55.338634,58.389998999999996,62500
2014-09-09,58.470001,58.580002,57.59,54.741547,57.759997999999996,88600
2014-09-10,57.990002000000004,58.029999,57.389998999999996,54.570972,57.580002,53100
2014-09-11,57.419998,57.889998999999996,57.419998,54.684692000000005,57.700001,91700
2014-09-12,57.700001,58.150002,56.98,55.111171999999996,58.150002,161300
2014-09-15,57.950001,57.990002000000004,56.720001,54.040226000000004,57.02,77000
2014-09-16,57.080002,57.099998,56.02,53.168304000000006,56.099998,71200
2014-09-17,56.290001000000004,56.830002,56.029999,53.471577,56.419998,91700
2014-09-18,56.669998,57.860001000000004,56.369999,54.580441,57.59,137800
2014-09-19,57.66,58.23,57.279999,55.101688,58.139998999999996,209700
2014-09-22,58.02,58.07,57.48,54.542530000000006,57.549999,69800
2014-09-23,57.380001,57.52,55.330002,52.656528,55.560001,110000
2014-09-24,55.799999,56.07,55.189999,52.504879,55.400002,44400
2014-09-25,55.490002000000004,55.549999,55.0,52.220566,55.099998,96500
2014-09-26,55.119999,55.16,54.48,52.363483,54.959998999999996,48100
2014-09-29,54.529999,55.040001000000004,54.369999,52.182446,54.77,53600
2014-09-30,54.860001000000004,55.07,53.759997999999996,51.353553999999995,53.900002,60500
2014-10-01,53.720001,54.209998999999996,53.27,51.039146,53.57,54000
2014-10-02,53.720001,54.889998999999996,53.689999,52.115761,54.700001,40300
2014-10-03,55.0,55.459998999999996,54.689999,52.544502,55.150002,50600
2014-10-06,55.18,55.66,54.66,52.52544399999999,55.130001,35500
2014-10-07,54.970001,55.419998,54.389998999999996,52.325363,54.919998,30500
2014-10-08,55.0,56.459998999999996,54.68,53.72591800000001,56.389998999999996,41600
2014-10-09,56.150002,56.150002,55.040001000000004,52.563556999999996,55.169998,43700
2014-10-10,54.919998,55.75,54.919998,52.420639,55.02,45100
2014-10-13,54.93,56.41,54.009997999999996,53.16379499999999,55.799999,45200
2014-10-14,56.25,57.799999,56.25,54.716778000000005,57.43,43800
2014-10-15,56.849998,58.759997999999996,56.580002,55.755287,58.52,61200
2014-10-16,57.720001,59.639998999999996,57.720001,56.688992000000006,59.5,47500
2014-10-17,60.16,60.16,58.98,56.65088299999999,59.459998999999996,73700
2014-10-20,59.330002,60.549999,59.330002,57.555992,60.41,47900
2014-10-21,60.669998,61.400002,60.330002,58.499226,61.400002,52100
2014-10-22,61.330002,61.66,60.639998999999996,57.832298,60.700001,41400
2014-10-23,61.360001000000004,61.740002000000004,60.700001,58.642136,61.549999,35900
2014-10-24,61.369999,61.700001,61.099998,58.58498,61.490002000000004,33600
2014-10-27,61.48,61.5,60.919998,58.270557,61.16,47800
2014-10-28,61.57,61.73,61.0,58.737418999999996,61.650002,65900
2014-10-29,61.75,61.75,61.279999,58.727879,61.639998999999996,76300
2014-10-30,63.5,63.5,62.0,59.92836,62.900002,98700
2014-10-31,63.740002000000004,67.400002,63.689999,64.01567800000001,67.190002,102800
2014-11-03,68.040001,69.760002,67.190002,65.30190999999999,68.540001,104800
2014-11-04,68.269997,70.239998,67.970001,66.53096,69.83000200000001,85100
2014-11-05,69.980003,71.230003,69.309998,66.187958,69.470001,49700
2014-11-06,69.690002,69.93,68.75,66.016464,69.290001,32100
2014-11-07,69.43,70.889999,68.800003,67.06450699999999,70.389999,128300
2014-11-10,70.809998,72.260002,70.809998,68.760414,72.16999799999999,83800
2014-11-11,72.230003,72.5,71.209999,68.836624,72.25,66500
2014-11-12,71.989998,73.489998,71.510002,69.70365100000001,73.160004,44600
2014-11-13,72.970001,73.550003,71.949997,68.72229,72.129997,55600
2014-11-14,72.199997,72.629997,71.309998,68.398361,71.790001,45000
2014-11-17,71.5,72.370003,70.879997,67.902924,71.269997,75000
2014-11-18,71.25,71.760002,70.510002,67.407501,70.75,49200
2014-11-19,70.529999,70.650002,69.209999,66.216545,69.5,51700
2014-11-20,69.199997,69.639999,68.769997,65.90213,69.16999799999999,40100
2014-11-21,70.07,70.07,68.33000200000001,65.24475100000001,68.480003,38300
2014-11-24,68.440002,68.760002,67.489998,65.035133,68.260002,74300
2014-11-25,68.230003,68.620003,67.279999,64.358673,67.550003,34100
2014-11-26,67.709999,69.199997,67.709999,65.568665,68.82,22900
2014-11-28,68.83000200000001,69.870003,67.82,64.768364,67.980003,17000
2014-12-01,67.980003,68.83000200000001,67.690002,64.83506,68.050003,58500
2014-12-02,68.349998,69.639999,67.610001,66.187958,69.470001,69700
2014-12-03,69.290001,69.650002,67.910004,64.796944,68.010002,35400
2014-12-04,67.900002,68.5,66.150002,63.453556000000006,66.599998,41600
2014-12-05,66.540001,67.68,66.089996,63.444019,66.589996,38600
2014-12-08,66.239998,67.199997,65.720001,62.910472999999996,66.029999,55000
2014-12-09,65.400002,69.290001,65.400002,65.26379399999999,68.5,77300
2014-12-10,68.25,69.16999799999999,67.389999,64.530167,67.730003,62000
2014-12-11,67.959999,68.82,67.650002,64.70166800000001,67.910004,34400
2014-12-12,67.18,68.08000200000001,67.0,64.330093,67.519997,42300
2014-12-15,67.809998,68.029999,66.809998,64.330093,67.519997,36200
2014-12-16,67.010002,67.980003,66.870003,63.910895999999994,67.08000200000001,75000
2014-12-17,67.739998,68.0,66.599998,63.910895999999994,67.08000200000001,81700
2014-12-18,67.66999799999999,68.349998,66.860001,64.453949,67.650002,53300
2014-12-19,67.550003,67.730003,66.610001,64.01567800000001,67.190002,96700
2014-12-22,67.08000200000001,67.83000200000001,66.739998,63.844181000000006,67.010002,33400
2014-12-23,67.349998,68.360001,66.540001,64.501579,67.699997,41300
2014-12-24,67.57,68.040001,66.800003,64.311035,67.5,27300
2014-12-26,67.900002,68.980003,66.970001,65.425758,68.66999799999999,34100
2014-12-29,68.58000200000001,69.790001,68.58000200000001,66.698311,69.709999,30700
2014-12-30,69.720001,70.129997,68.650002,65.827614,68.800003,31400
2014-12-31,69.099998,69.58000200000001,67.519997,64.669899,67.589996,61800
2015-01-02,68.099998,68.16999799999999,66.589996,64.842125,67.769997,34400
2015-01-05,67.32,67.41999799999999,63.939999,61.483761,64.260002,85900
2015-01-06,64.230003,64.230003,62.080002,59.39794499999999,62.080002,64200
2015-01-07,62.630001,62.790001000000004,60.639998999999996,60.077270999999996,62.790001000000004,55800
2015-01-08,63.0,65.019997,62.990002000000004,61.67511700000001,64.459999,58100
2015-01-09,64.309998,65.5,63.650002,61.770793999999995,64.559998,52500
2015-01-12,64.410004,65.129997,64.0,61.933448999999996,64.730003,57700
2015-01-13,65.0,66.800003,63.919998,61.943027,64.739998,91700
2015-01-14,63.880001,65.93,63.880001,63.005062,65.849998,44400
2015-01-15,65.720001,66.709999,65.029999,62.765857999999994,65.599998,54100
2015-01-16,65.279999,66.059998,64.910004,63.081612,65.93,47300
2015-01-20,65.879997,66.629997,64.489998,62.51709399999999,65.339996,45700
2015-01-21,65.059998,66.230003,64.589996,62.230061,65.040001,40300
2015-01-22,65.540001,66.980003,64.769997,63.760937,66.639999,49200
2015-01-23,66.410004,68.129997,66.160004,64.822983,67.75,43300
2015-01-26,67.839996,68.260002,66.32,65.04304499999999,67.980003,54700
2015-01-27,67.120003,68.260002,67.059998,64.373276,67.279999,39700
2015-01-28,67.629997,68.610001,66.900002,64.42113499999999,67.33000200000001,49500
2015-01-29,67.190002,67.459999,66.550003,64.296738,67.199997,44400
2015-01-30,66.93,67.970001,65.93,63.560001,66.43,69000
2015-02-02,66.43,68.099998,65.849998,64.50724,67.41999799999999,40400
2015-02-03,67.889999,69.550003,67.309998,65.387489,68.339996,48000
2015-02-04,68.160004,69.050003,67.089996,64.44982900000001,67.360001,46900
2015-02-05,67.760002,68.349998,67.58000200000001,65.090889,68.029999,38500
2015-02-06,68.209999,68.25,66.160004,63.760937,66.639999,47900
2015-02-09,66.290001,67.550003,65.690002,63.569576,66.440002,57400
2015-02-10,67.0,67.470001,65.599998,63.64611800000001,66.519997,39600
2015-02-11,66.66999799999999,67.16999799999999,65.599998,63.904449,66.790001,33000
2015-02-12,66.989998,67.449997,64.900002,62.430983999999995,65.25,78200
2015-02-13,65.489998,66.110001,64.970001,62.57451999999999,65.400002,34800
2015-02-17,65.650002,65.989998,64.809998,62.029132999999995,64.83000200000001,40900
2015-02-18,64.959999,65.529999,64.279999,62.469260999999996,65.290001,50000
2015-02-19,65.0,66.139999,65.0,62.785011,65.620003,19600
2015-02-20,65.760002,65.760002,64.540001,62.19179200000001,65.0,30200
2015-02-23,64.989998,65.470001,64.010002,62.631905,65.459999,49300
2015-02-24,65.459999,66.18,65.209999,63.139015,65.989998,29100
2015-02-25,66.190002,67.209999,66.059998,63.760937,66.639999,23500
2015-02-26,67.050003,69.120003,65.900002,65.885017,68.860001,72600
2015-02-27,68.550003,70.0,67.650002,65.856323,68.83000200000001,73800
2015-03-02,68.970001,69.349998,67.739998,66.23904399999999,69.230003,41500
2015-03-03,68.879997,69.349998,67.860001,65.875458,68.849998,43200
2015-03-04,68.949997,68.949997,67.440002,65.071747,68.010002,40600
2015-03-05,68.089996,68.5,66.239998,64.009697,66.900002,37000
2015-03-06,66.41999799999999,66.879997,64.769997,62.14394,64.949997,25000
2015-03-09,65.309998,65.309998,63.689999,61.569869999999995,64.349998,69300
2015-03-10,63.700001,64.83000200000001,63.439999,61.713393999999994,64.5,69400
2015-03-11,64.349998,65.41999799999999,64.019997,62.048271,64.849998,99900
2015-03-12,65.410004,67.08000200000001,65.410004,63.617408999999995,66.489998,81800
2015-03-13,66.16999799999999,66.41999799999999,63.91,62.364020999999994,65.18,70500
2015-03-16,65.75,67.160004,65.639999,63.942738,66.83000200000001,73700
2015-03-17,66.489998,66.980003,65.279999,63.15815,66.010002,72500
2015-03-18,65.989998,68.260002,65.660004,65.023903,67.959999,67600
2015-03-19,67.800003,68.290001,66.849998,64.822983,67.75,64600
2015-03-20,68.08000200000001,69.940002,67.849998,66.32515699999999,69.32,278200
2015-03-23,69.32,71.110001,69.139999,67.081024,70.110001,52400
2015-03-24,70.18,70.760002,68.839996,66.40168800000001,69.400002,46600
2015-03-25,69.239998,69.849998,68.5,65.97113,68.949997,46300
2015-03-26,68.66999799999999,69.769997,68.57,66.23904399999999,69.230003,23800
2015-03-27,69.410004,70.650002,68.870003,67.329788,70.370003,38100
2015-03-30,70.470001,71.68,70.370003,68.334427,71.41999799999999,40400
2015-03-31,70.629997,71.400002,68.910004,66.499504,69.220001,44500
2015-04-01,68.779999,72.639999,68.779999,69.227867,72.059998,60300
2015-04-02,72.309998,74.029999,71.83000200000001,70.447952,73.33000200000001,68400
2015-04-06,73.139999,73.849998,72.610001,70.313469,73.190002,46700
2015-04-07,73.290001,73.790001,70.550003,68.488136,71.290001,39100
2015-04-08,71.379997,73.66999799999999,71.33000200000001,69.852325,72.709999,99000
2015-04-09,72.389999,73.139999,70.540001,68.555389,71.360001,37300
2015-04-10,71.339996,71.339996,67.980003,65.615662,68.300003,88700
2015-04-13,68.139999,70.110001,68.139999,66.566742,69.290001,60800
2015-04-14,69.489998,69.550003,68.480003,66.259315,68.970001,44500
2015-04-15,69.41999799999999,70.690002,69.190002,67.344902,70.099998,28100
2015-04-16,69.989998,70.599998,69.650002,67.537048,70.300003,21600
2015-04-17,69.610001,70.129997,68.16999799999999,65.827011,68.519997,40300
2015-04-20,68.730003,69.800003,68.730003,66.336166,69.050003,29100
2015-04-21,69.199997,69.900002,68.889999,66.489899,69.209999,37800
2015-04-22,69.489998,69.489998,68.18,65.951897,68.650002,13300
2015-04-23,68.809998,69.07,68.32,65.855827,68.550003,31000
2015-04-24,68.370003,70.029999,68.370003,67.277649,70.029999,28000
2015-04-27,70.620003,70.660004,69.059998,67.63311,70.400002,63800
2015-04-28,71.290001,72.0,70.220001,68.363251,71.160004,63100
2015-04-29,70.190002,70.190002,64.91999799999999,65.385086,68.059998,94100
2015-04-30,67.860001,68.339996,65.550003,63.42525500000001,66.019997,65300
2015-05-01,66.019997,67.589996,65.57,64.222633,66.849998,48800
2015-05-04,67.089996,67.980003,66.489998,64.270676,66.900002,61100
2015-05-05,66.510002,67.290001,64.93,64.06893199999999,66.690002,69300
2015-05-06,67.029999,67.08000200000001,66.040001,64.395554,67.029999,64500
2015-05-07,66.980003,66.980003,65.440002,63.406048,66.0,87700
2015-05-08,66.309998,66.309998,65.029999,62.483776,65.040001,51100
2015-05-11,64.949997,65.82,64.949997,63.02177,65.599998,33500
2015-05-12,65.129997,66.300003,64.889999,63.415661,66.010002,46200
2015-05-13,66.099998,66.610001,65.660004,63.85757099999999,66.470001,37400
2015-05-14,66.470001,67.870003,65.889999,64.462814,67.099998,35900
2015-05-15,66.769997,67.93,66.400002,65.077667,67.739998,35500
2015-05-18,67.849998,68.589996,67.309998,65.327446,68.0,35100
2015-05-19,68.099998,68.290001,67.110001,65.068054,67.730003,29900
2015-05-20,67.83000200000001,67.91999799999999,66.910004,64.49163100000001,67.129997,48100
2015-05-21,66.940002,68.66999799999999,66.940002,65.116089,67.779999,30300
2015-05-22,67.470001,67.970001,66.550003,64.731812,67.379997,29900
2015-05-26,67.260002,68.129997,66.660004,65.22176400000001,67.889999,36000
2015-05-27,68.220001,69.059998,67.370003,65.730919,68.41999799999999,32300
2015-05-28,68.089996,68.089996,66.699997,64.385948,67.019997,39500
2015-05-29,66.760002,67.709999,65.900002,64.41478000000001,67.050003,92700
2015-06-01,67.610001,67.610001,64.150002,62.81041,65.379997,69900
2015-06-02,65.360001,66.709999,65.199997,63.838359999999994,66.449997,63100
2015-06-03,66.550003,67.68,66.470001,64.510857,67.150002,41100
2015-06-04,66.66999799999999,66.959999,65.809998,63.723082999999995,66.33000200000001,22500
2015-06-05,66.300003,67.190002,65.260002,64.52046999999999,67.160004,32500
2015-06-08,66.800003,67.989998,66.360001,64.952766,67.610001,37800
2015-06-09,67.57,67.940002,66.93,64.712593,67.360001,30500
2015-06-10,67.779999,69.110001,67.779999,66.00952099999999,68.709999,59900
2015-06-11,68.709999,69.129997,68.040001,65.923088,68.620003,39400
2015-06-12,68.540001,69.410004,67.860001,65.202568,67.870003,51700
2015-06-15,67.129997,67.129997,65.16999799999999,63.694263,66.300003,84700
2015-06-16,66.279999,67.239998,65.709999,64.55888399999999,67.199997,61900
2015-06-17,67.150002,68.110001,66.379997,64.645348,67.290001,52500
2015-06-18,67.5,69.050003,67.489998,65.875038,68.57,43500
2015-06-19,68.389999,69.449997,68.349998,66.182457,68.889999,148800
2015-06-22,68.779999,70.120003,68.639999,67.29689,70.050003,31400
2015-06-23,70.18,71.610001,70.019997,68.286385,71.08000200000001,33300
2015-06-24,71.059998,71.690002,69.769997,67.24884,70.0,42200
2015-06-25,70.110001,70.75,69.839996,67.815651,70.589996,59100
2015-06-26,70.660004,70.660004,68.41999799999999,66.609818,69.050003,87400
2015-06-29,68.949997,69.599998,67.900002,65.78022,68.190002,51400
2015-06-30,68.75,69.660004,68.220001,66.638763,69.08000200000001,50200
2015-07-01,69.18,69.57,67.949997,66.735229,69.18,38700
2015-07-02,69.099998,69.32,67.720001,65.693398,68.099998,25800
2015-07-06,67.75,68.290001,66.889999,65.31716899999999,67.709999,50800
2015-07-07,67.529999,68.139999,66.199997,65.133888,67.519997,44000
2015-07-08,66.849998,67.709999,66.050003,64.699799,67.07,92000
2015-07-09,67.75,67.970001,66.269997,64.18853,66.540001,34100
2015-07-10,67.099998,68.309998,67.099998,65.510109,67.910004,28000
2015-07-13,68.059998,68.059998,66.550003,65.16282700000001,67.550003,37000
2015-07-14,67.489998,68.730003,67.050003,66.156441,68.58000200000001,57100
2015-07-15,68.470001,69.059998,67.599998,66.272186,68.699997,29300
2015-07-16,69.230003,70.690002,69.059998,67.76741,70.25,40100
2015-07-17,69.959999,71.57,69.790001,68.500557,71.010002,59100
2015-07-20,70.910004,71.529999,70.010002,68.510193,71.019997,85800
2015-07-21,70.839996,71.349998,70.230003,68.191872,70.690002,53500
2015-07-22,70.309998,71.16999799999999,69.93,68.15328199999999,70.650002,43200
2015-07-23,70.730003,71.279999,69.959999,67.844589,70.33000200000001,70800
2015-07-24,70.150002,70.940002,70.150002,68.066452,70.559998,68500
2015-07-27,70.150002,70.949997,70.059998,68.18222,70.68,50600
2015-07-28,71.129997,71.769997,70.050003,67.574486,70.050003,91100
2015-07-29,69.730003,72.040001,69.730003,68.37514499999999,70.879997,39600
2015-07-30,70.400002,74.0,67.029999,67.140388,69.599998,123800
2015-07-31,70.290001,73.410004,69.379997,68.240089,70.739998,58600
2015-08-03,71.029999,72.510002,70.33000200000001,69.696724,72.25,57800
2015-08-04,72.059998,72.870003,70.290001,68.838181,71.360001,59500
2015-08-05,71.639999,73.019997,71.639999,69.75460799999999,72.309998,44700
2015-08-06,72.41999799999999,72.849998,70.75,69.011826,71.540001,62100
2015-08-07,71.139999,71.57,70.18,68.712784,71.230003,58600
2015-08-10,71.589996,73.050003,71.589996,70.01507600000001,72.58000200000001,58500
2015-08-11,72.25,75.860001,72.25,72.195213,74.839996,65300
2015-08-12,74.099998,75.129997,71.190002,69.706398,72.260002,81800
2015-08-13,72.110001,74.300003,71.800003,70.941154,73.540001,81200
2015-08-14,73.18,74.489998,72.480003,71.5103,74.129997,71500
2015-08-17,73.629997,76.0,73.0,72.523201,75.18,84600
2015-08-18,75.199997,76.0,74.32,71.886513,74.519997,70100
2015-08-19,74.290001,75.08000200000001,73.5,71.712875,74.339996,49000
2015-08-20,73.800003,74.099998,72.739998,70.323769,72.900002,79500
2015-08-21,72.089996,74.839996,72.089996,71.07621,73.68,108400
2015-08-24,70.93,73.900002,70.379997,68.905716,71.43,109100
2015-08-25,73.410004,73.410004,69.120003,67.19828000000001,69.660004,116600
2015-08-26,71.18,71.730003,69.32,68.259399,70.760002,101700
2015-08-27,71.510002,72.209999,70.459999,68.404099,70.910004,101800
2015-08-28,70.699997,72.0,70.089996,69.349464,71.889999,44500
2015-08-31,71.900002,72.910004,70.989998,68.925003,71.449997,98500
2015-09-01,70.470001,71.790001,70.18,68.761009,71.279999,78400
2015-09-02,71.860001,73.339996,71.480003,70.57459300000001,73.160004,103800
2015-09-03,73.010002,74.139999,73.010002,71.07621,73.68,51700
2015-09-04,72.800003,74.139999,72.68,70.84468100000001,73.440002,59000
2015-09-08,74.010002,74.300003,73.18,71.085854,73.690002,66300
2015-09-09,74.370003,74.489998,73.199997,71.18231999999999,73.790001,78000
2015-09-10,73.389999,74.0,72.559998,70.970078,73.57,47000
2015-09-11,73.25,74.0,73.110001,71.18231999999999,73.790001,47200
2015-09-14,73.940002,74.050003,73.309998,71.18231999999999,73.790001,28800
2015-09-15,73.66999799999999,74.239998,73.379997,71.539253,74.160004,75600
2015-09-16,74.050003,75.410004,73.83000200000001,71.298073,73.910004,68700
2015-09-17,73.989998,74.699997,73.199997,71.568184,74.190002,85100
2015-09-18,73.410004,74.440002,72.970001,70.72892,73.32,115100
2015-09-21,73.860001,74.0,72.66999799999999,71.01831800000001,73.620003,39500
2015-09-22,73.279999,73.279999,72.290001,70.034363,72.599998,64600
2015-09-23,72.949997,73.440002,72.33000200000001,70.642105,73.230003,26000
2015-09-24,72.949997,73.760002,72.589996,70.941154,73.540001,61200
2015-09-25,73.839996,74.949997,73.349998,71.307716,73.91999799999999,78800
2015-09-28,73.360001,73.860001,72.040001,70.232285,72.489998,79400
2015-09-29,72.360001,72.900002,71.620003,70.22261800000001,72.480003,87100
2015-09-30,73.190002,74.739998,72.33000200000001,71.627434,73.93,116500
2015-10-01,73.529999,75.25,73.33000200000001,71.268967,73.559998,58500
2015-10-02,72.870003,73.25,71.400002,70.78454599999999,73.059998,71900
2015-10-05,73.650002,75.519997,73.650002,73.158249,75.510002,60400
2015-10-06,75.410004,76.720001,75.16999799999999,73.235741,75.589996,57700
2015-10-07,75.93,77.16999799999999,75.5,74.689026,77.089996,76100
2015-10-08,77.650002,78.199997,76.33000200000001,75.376915,77.800003,52600
2015-10-09,78.150002,78.410004,77.449997,75.619125,78.050003,34500
2015-10-12,78.43,80.18,78.300003,77.169296,79.650002,56600
2015-10-13,79.550003,80.279999,76.989998,76.12293199999999,78.57,28200
2015-10-14,78.610001,79.459999,77.870003,75.754784,78.190002,43900
2015-10-15,78.550003,79.309998,78.239998,76.568611,79.029999,76100
2015-10-16,79.0,79.129997,78.5,76.607361,79.07,38600
2015-10-19,79.07,79.980003,78.870003,77.363068,79.849998,58800
2015-10-20,80.0,80.879997,79.870003,78.138153,80.650002,65000
2015-10-21,80.800003,81.0,79.0,76.975525,79.449997,78700
2015-10-22,79.980003,81.849998,79.699997,78.86479200000001,81.400002,102300
2015-10-23,82.300003,83.620003,82.300003,80.880013,83.480003,39200
2015-10-26,83.779999,83.800003,82.18,80.046791,82.620003,49000
2015-10-27,82.57,83.269997,81.66999799999999,79.988663,82.559998,67100
2015-10-28,83.07,83.389999,81.389999,79.194191,81.739998,80300
2015-10-29,80.849998,80.970001,75.150002,73.943016,76.32,123100
2015-10-30,76.650002,77.980003,76.019997,74.03989399999999,76.41999799999999,130200
2015-11-02,77.010002,78.33000200000001,76.139999,75.66758,78.099998,82000
2015-11-03,78.099998,78.75,76.339996,75.444733,77.870003,172200
2015-11-04,77.959999,78.599998,76.379997,74.098022,76.480003,63600
2015-11-05,76.809998,77.91999799999999,76.519997,74.940926,77.349998,74000
2015-11-06,77.41999799999999,78.16999799999999,76.5,75.66758,78.099998,74300
2015-11-09,78.089996,78.849998,76.5,74.311172,76.699997,93400
2015-11-10,76.790001,78.150002,76.699997,75.086258,77.5,31600
2015-11-11,77.660004,78.43,77.150002,75.202522,77.620003,53400
2015-11-12,77.339996,78.209999,76.800003,74.611519,77.010002,37900
2015-11-13,76.720001,77.099998,76.309998,74.56308,76.959999,56300
2015-11-16,77.129997,78.33000200000001,76.949997,75.318787,77.739998,44900
2015-11-17,78.0,78.82,77.389999,75.464104,77.889999,51900
2015-11-18,77.739998,79.989998,77.650002,77.091789,79.57,51800
2015-11-19,79.940002,80.019997,78.199997,76.06480400000001,78.510002,103800
2015-11-20,78.980003,80.900002,77.910004,77.421196,79.910004,46400
2015-11-23,79.970001,80.449997,79.0,77.178986,79.660004,60100
2015-11-24,79.940002,80.160004,78.540001,77.11116,79.589996,41400
2015-11-25,79.529999,79.550003,78.519997,76.801132,79.269997,56100
2015-11-27,79.690002,80.050003,79.019997,77.217743,79.699997,24200
2015-11-30,80.110001,80.93,78.629997,76.219818,78.66999799999999,227300
2015-12-01,79.230003,80.0,77.389999,75.745071,78.18,97700
2015-12-02,78.389999,79.260002,77.769997,75.522247,77.949997,57300
2015-12-03,78.449997,79.120003,77.25,75.202522,77.620003,58800
2015-12-04,78.0,80.43,78.0,77.188675,79.66999799999999,62200
2015-12-07,79.639999,79.639999,77.82,76.12293199999999,78.57,52400
2015-12-08,78.33000200000001,80.709999,77.900002,76.81081400000001,79.279999,104400
2015-12-09,79.339996,79.349998,77.360001,74.98938000000001,77.400002,83700
2015-12-10,77.779999,78.279999,77.260002,75.299408,77.720001,63600
2015-12-11,77.0,77.980003,75.83000200000001,74.136772,76.519997,85800
2015-12-14,76.360001,76.980003,75.93,74.437126,76.83000200000001,74600
2015-12-15,77.410004,77.410004,75.529999,73.42952,75.790001,96000
2015-12-16,75.839996,77.370003,75.389999,74.747162,77.150002,59600
2015-12-17,77.18,77.860001,76.290001,74.22397600000001,76.610001,41000
2015-12-18,76.349998,77.389999,74.82,73.894562,76.269997,257200
2015-12-21,76.110001,77.519997,76.110001,74.60183,77.0,89100
2015-12-22,76.989998,77.099998,76.110001,74.466187,76.860001,56000
2015-12-23,77.0,78.849998,76.779999,76.394211,78.849998,35100
2015-12-24,78.720001,79.400002,78.279999,75.900101,78.339996,19000
2015-12-28,78.32,79.360001,78.0,76.86895,79.339996,20900
2015-12-29,79.410004,80.449997,79.129997,77.900101,80.08000200000001,32300
2015-12-30,79.910004,79.980003,78.82,77.19968399999999,79.360001,46600
2015-12-31,79.279999,79.529999,78.129997,76.10045600000001,78.230003,38100
2016-01-04,77.150002,77.66999799999999,74.190002,72.25797299999999,74.279999,91900
2016-01-05,74.720001,76.58000200000001,73.870003,73.89225,75.959999,65500
2016-01-06,75.510002,78.07,74.849998,75.89617199999999,78.019997,65700
2016-01-07,77.110001,80.110001,75.709999,76.791138,78.940002,146700
2016-01-08,79.349998,82.589996,79.019997,77.900101,80.08000200000001,161700
2016-01-11,80.129997,81.269997,79.709999,78.425392,80.620003,84800
2016-01-12,81.440002,81.870003,78.41999799999999,76.547935,78.690002,59000
2016-01-13,78.790001,79.279999,75.870003,73.911705,75.980003,62100
2016-01-14,76.470001,78.160004,76.440002,74.61210600000001,76.699997,73800
2016-01-15,75.019997,76.410004,74.309998,73.746323,75.809998,71900
2016-01-19,76.599998,77.440002,75.800003,74.475914,76.559998,72100
2016-01-20,75.66999799999999,76.5,73.099998,73.318314,75.370003,85600
2016-01-21,75.440002,75.75,74.220001,72.306625,74.33000200000001,55600
2016-01-22,75.029999,76.779999,74.160004,73.97006999999999,76.040001,73800
2016-01-25,75.559998,77.230003,73.809998,73.940887,76.010002,61100
2016-01-26,76.370003,77.66999799999999,75.91999799999999,74.505096,76.589996,72400
2016-01-27,76.290001,77.019997,74.949997,73.921432,75.989998,53800
2016-01-28,76.5,77.120003,75.910004,73.901985,75.970001,51900
2016-01-29,76.099998,77.949997,75.889999,74.894203,76.989998,140700
2016-02-01,76.410004,76.980003,75.860001,74.203529,76.279999,77300
2016-02-02,75.639999,76.660004,74.660004,74.193802,76.269997,61700
2016-02-03,76.58000200000001,77.43,74.769997,73.765785,75.83000200000001,90300
2016-02-04,75.91999799999999,77.050003,75.519997,74.028435,76.099998,43500
2016-02-05,75.790001,77.07,73.889999,72.58873,74.620003,75800
2016-02-08,73.970001,75.25,71.510002,72.870827,74.910004,96400
2016-02-09,74.010002,75.510002,72.650002,72.248245,74.269997,56800
2016-02-10,74.480003,75.459999,73.800003,73.016747,75.059998,65500
2016-02-11,74.160004,77.33000200000001,73.57,74.962311,77.059998,63300
2016-02-12,77.029999,77.43,75.610001,73.814423,75.879997,74600
2016-02-16,76.639999,76.639999,74.059998,74.028435,76.099998,36100
2016-02-17,76.410004,78.07,76.370003,74.962311,77.059998,33600
2016-02-18,77.059998,78.339996,76.660004,75.497337,77.610001,49200
2016-02-19,77.629997,78.089996,75.879997,75.020676,77.120003,157400
2016-02-22,77.900002,78.160004,77.040001,75.857262,77.980003,58700
2016-02-23,77.739998,79.099998,77.629997,75.93508100000001,78.059998,69900
2016-02-24,77.660004,78.779999,75.800003,76.538216,78.68,72100
2016-02-25,76.66999799999999,76.66999799999999,72.690002,71.139282,73.129997,93700
2016-02-26,72.970001,72.970001,70.279999,69.008911,70.940002,125900
2016-02-29,70.489998,72.83000200000001,70.220001,69.98168199999999,71.940002,137200
2016-03-01,72.089996,74.220001,71.010002,72.024521,74.040001,127800
2016-03-02,74.110001,74.110001,71.709999,71.577034,73.58000200000001,101500
2016-03-03,73.440002,74.650002,72.019997,70.176231,72.139999,114300
2016-03-04,71.989998,74.279999,71.989998,71.119835,73.110001,53600
2016-03-07,72.900002,73.940002,72.370003,70.95446,72.940002,86800
2016-03-08,72.370003,74.199997,72.309998,71.577034,73.58000200000001,71800
2016-03-09,73.790001,74.459999,72.449997,71.119835,73.110001,76100
2016-03-10,73.239998,74.220001,71.720001,71.217102,73.209999,76700
2016-03-11,73.599998,74.139999,72.849998,71.684044,73.690002,52900
2016-03-14,73.32,73.58000200000001,72.279999,70.40969799999999,72.379997,61300
2016-03-15,72.32,73.41999799999999,71.91999799999999,70.896088,72.879997,97900
2016-03-16,72.559998,74.019997,72.389999,70.827995,72.809998,56200
2016-03-17,72.5,73.849998,71.529999,71.674316,73.68,65500
2016-03-18,74.099998,74.58000200000001,71.849998,70.701546,72.68,225500
2016-03-21,72.519997,73.440002,70.949997,70.54588299999999,72.519997,140200
2016-03-22,72.139999,73.489998,71.599998,70.21515699999999,72.18,66200
2016-03-23,71.949997,73.050003,71.519997,70.399963,72.370003,89800
2016-03-24,72.040001,73.040001,71.540001,70.91555,72.900002,126800
2016-03-28,73.370003,74.470001,73.129997,71.606224,73.610001,99400
2016-03-29,73.279999,75.489998,73.279999,73.697052,75.43,64300
2016-03-30,75.309998,77.0,74.720001,74.380974,76.129997,116500
2016-03-31,75.879997,76.68,75.07,74.087868,75.83000200000001,104100
2016-04-01,75.470001,77.800003,74.800003,76.01261099999999,77.800003,119100
2016-04-04,77.699997,77.800003,76.269997,74.556831,76.309998,83900
2016-04-05,76.08000200000001,76.400002,74.5,73.071754,74.790001,141100
2016-04-06,74.290001,74.800003,73.269997,72.680954,74.389999,124700
2016-04-07,74.150002,74.25,72.989998,71.71369200000001,73.400002,115600
2016-04-08,73.83000200000001,75.41999799999999,73.150002,71.90909599999999,73.599998,58000
2016-04-11,73.720001,74.940002,71.809998,70.424011,72.08000200000001,107400
2016-04-12,71.900002,72.809998,69.709999,69.945267,71.589996,65500
2016-04-13,71.760002,73.16999799999999,70.970001,70.091835,71.739998,88400
2016-04-14,71.870003,72.480003,71.150002,70.14067800000001,71.790001,56000
2016-04-15,71.889999,72.75,71.18,70.834373,72.5,91500
2016-04-18,72.0,72.809998,71.879997,70.658508,72.32,69900
2016-04-19,72.110001,72.82,71.589996,71.039551,72.709999,47900
2016-04-20,72.410004,73.120003,71.68,70.287239,71.940002,63500
2016-04-21,72.0,72.209999,70.940002,69.310211,70.940002,92800
2016-04-22,70.879997,71.83000200000001,70.879997,70.150452,71.800003,76000
2016-04-25,71.559998,72.260002,71.360001,70.003899,71.650002,57500
2016-04-26,71.809998,72.949997,71.480003,70.69757800000001,72.360001,78700
2016-04-27,72.559998,73.089996,71.209999,70.90276300000001,72.57,71100
2016-04-28,72.510002,73.58000200000001,71.5,70.34585600000001,72.0,79100
2016-04-29,72.25,73.0,71.0,70.257935,71.910004,83700
2016-05-02,71.860001,73.93,70.18,72.075188,73.769997,88200
2016-05-03,73.599998,74.07,71.989998,71.332657,73.010002,89200
2016-05-04,72.760002,74.25,70.25,72.202209,73.900002,74700
2016-05-05,73.879997,74.129997,73.089996,71.567139,73.25,67800
2016-05-06,73.0,73.050003,72.300003,71.36196899999999,73.040001,57200
2016-05-09,72.709999,74.25,72.709999,72.182671,73.879997,48800
2016-05-10,73.970001,75.010002,72.809998,72.983818,74.699997,50100
2016-05-11,74.41999799999999,75.099998,73.660004,72.299911,74.0,64700
2016-05-12,73.889999,74.58000200000001,73.370003,72.593018,74.300003,40800
2016-05-13,74.0,74.529999,73.529999,72.006798,73.699997,50900
2016-05-16,73.940002,74.839996,73.360001,72.759109,74.470001,49300
2016-05-17,73.32,74.209999,71.940002,70.63896899999999,72.300003,82700
2016-05-18,72.099998,72.989998,71.510002,70.33608199999999,71.989998,49700
2016-05-19,71.910004,72.709999,70.559998,69.349289,70.980003,46400
2016-05-20,71.18,72.389999,71.18,70.424011,72.08000200000001,50700
2016-05-23,71.66999799999999,72.800003,71.199997,69.68148000000001,71.32,37800
2016-05-24,71.059998,72.879997,71.059998,71.107948,72.779999,47900
2016-05-25,72.68,72.800003,71.879997,70.658508,72.32,32700
2016-05-26,72.639999,73.43,71.82,71.498749,73.18,21100
2016-05-27,73.440002,74.209999,73.0,72.153358,73.849998,36300
2016-05-31,73.849998,74.849998,73.370003,72.778648,74.489998,72600
2016-06-01,74.07,74.190002,71.940002,70.90276300000001,72.57,59600
2016-06-02,72.019997,73.370003,71.91999799999999,71.518288,73.199997,44800
2016-06-03,72.879997,74.019997,72.879997,71.850479,73.540001,38400
2016-06-06,73.83000200000001,74.269997,72.75,72.221748,73.91999799999999,24700
2016-06-07,74.019997,75.050003,73.790001,72.280373,73.980003,47300
2016-06-08,74.120003,75.139999,73.41999799999999,72.534401,74.239998,81300
2016-06-09,74.099998,74.5,73.470001,72.456238,74.160004,54300
2016-06-10,73.849998,74.529999,73.019997,71.889565,73.58000200000001,58700
2016-06-13,73.309998,74.900002,73.129997,72.593018,74.300003,43600
2016-06-14,74.239998,75.970001,74.239998,73.814301,75.550003,59500
2016-06-15,75.800003,76.489998,74.349998,72.710258,74.41999799999999,33800
2016-06-16,74.220001,76.510002,73.75,74.752251,76.510002,85300
2016-06-17,76.410004,76.410004,73.5,72.436691,74.139999,183100
2016-06-20,74.33000200000001,76.059998,74.0,73.921776,75.660004,72600
2016-06-21,76.0,77.029999,75.5,75.074669,76.839996,77400
2016-06-22,77.610001,78.91999799999999,75.690002,75.094208,76.860001,90100
2016-06-23,77.43,79.610001,77.43,77.272972,79.089996,88600
2016-06-24,77.300003,78.779999,76.989998,76.344803,78.139999,136500
2016-06-27,77.550003,78.309998,76.0,74.498215,76.25,131100
2016-06-28,76.620003,76.68,75.410004,74.54727199999999,75.980003,75800
2016-06-29,76.57,76.959999,76.300003,75.273315,76.720001,101100
2016-06-30,76.68,77.849998,76.559998,76.34275799999999,77.809998,226900
2016-07-01,77.690002,78.5,76.540001,77.000137,78.480003,89300
2016-07-05,77.879997,82.059998,77.879997,79.570724,81.099998,133800
2016-07-06,80.480003,81.059998,79.379997,78.51108599999999,80.019997,76300
2016-07-07,79.730003,80.910004,79.550003,78.462036,79.970001,50800
2016-07-08,79.989998,81.269997,79.720001,78.913361,80.43,80000
2016-07-11,80.459999,81.66999799999999,80.260002,79.93375400000001,81.470001,95600
2016-07-12,81.75,82.599998,80.779999,80.247726,81.790001,44900
2016-07-13,82.260002,83.269997,81.58000200000001,80.31639100000001,81.860001,45100
2016-07-14,82.160004,83.019997,81.690002,80.228088,81.769997,49200
2016-07-15,82.230003,82.230003,81.139999,79.894501,81.43,46100
2016-07-18,81.470001,81.470001,80.559998,79.531487,81.059998,91500
2016-07-19,81.059998,81.540001,80.550003,79.07034300000001,80.589996,32800
2016-07-20,80.870003,81.32,80.389999,79.139023,80.660004,53200
2016-07-21,80.610001,80.980003,78.019997,77.21597299999999,78.699997,140800
2016-07-22,78.82,83.0,78.82,80.002434,81.540001,222200
2016-07-25,81.16999799999999,81.32,79.949997,78.972229,80.489998,58300
2016-07-26,80.230003,80.769997,78.779999,78.34429899999999,79.849998,49600
2016-07-27,80.290001,81.0,78.160004,77.009941,78.489998,101900
2016-07-28,77.41999799999999,79.910004,73.550003,72.418198,73.809998,127800
2016-07-29,73.790001,75.0,72.650002,72.133652,73.519997,126200
2016-08-01,73.129997,73.309998,72.18,71.054405,72.41999799999999,82500
2016-08-02,72.470001,72.470001,70.139999,68.915504,70.239998,90000
2016-08-03,70.459999,70.75,69.980003,69.327591,70.660004,96600
2016-08-04,70.66999799999999,74.150002,69.879997,69.052872,70.379997,67800
2016-08-05,70.720001,71.690002,68.300003,67.149452,68.440002,76900
2016-08-08,68.690002,68.709999,66.57,66.03096,67.300003,102000
2016-08-09,67.660004,67.660004,66.550003,65.716988,66.980003,77600
2016-08-10,66.879997,66.949997,65.190002,64.343384,65.58000200000001,149200
2016-08-11,65.959999,65.959999,64.620003,63.803748999999996,65.029999,106800
2016-08-12,64.730003,65.949997,64.360001,63.862621,65.089996,78400
2016-08-15,64.879997,65.0,63.75,62.763741,63.970001,70900
2016-08-16,63.919998,64.290001,62.830002,62.204491000000004,63.400002,74800
2016-08-17,63.110001000000004,63.66,62.700001,62.35165799999999,63.549999,87400
2016-08-18,63.419998,64.300003,63.240002000000004,63.058079000000006,64.269997,94500
2016-08-19,64.239998,64.730003,62.939999,62.783367000000005,63.990002000000004,132300
2016-08-22,63.48,64.709999,63.27,63.018845,64.230003,92300
2016-08-23,64.559998,65.160004,64.559998,63.744884,64.970001,99700
2016-08-24,64.970001,65.300003,64.800003,63.852814,65.08000200000001,61300
2016-08-25,65.07,65.610001,64.660004,64.255074,65.489998,63100
2016-08-26,65.5,66.339996,64.66999799999999,63.774311,65.0,37500
2016-08-29,65.300003,65.739998,64.620003,64.421875,65.660004,64900
2016-08-30,65.540001,66.150002,65.0,63.94112,65.16999799999999,51200
2016-08-31,65.0,66.230003,64.809998,64.10790300000001,65.339996,110600
2016-09-01,65.309998,65.440002,64.800003,63.754706999999996,64.980003,97100
2016-09-02,65.360001,65.779999,64.82,64.078468,65.309998,71500
2016-09-06,65.57,65.57,64.730003,63.94112,65.16999799999999,55000
2016-09-07,65.150002,66.230003,64.959999,64.873199,66.120003,85800
2016-09-08,66.190002,66.449997,65.58000200000001,64.990936,66.239998,49200
2016-09-09,65.860001,66.120003,65.0,63.803748999999996,65.029999,67600
2016-09-12,64.699997,67.190002,64.489998,65.815102,67.08000200000001,121600
2016-09-13,66.599998,66.800003,65.0,64.343384,65.58000200000001,94800
2016-09-14,65.360001,66.019997,65.059998,64.15696700000001,65.389999,62600
2016-09-15,65.43,66.160004,65.18,64.323753,65.559998,74200
2016-09-16,65.66999799999999,65.959999,65.0,64.235458,65.470001,316700
2016-09-19,65.989998,67.790001,65.279999,66.286041,67.559998,84800
2016-09-20,67.910004,68.129997,67.029999,65.775848,67.040001,118100
2016-09-21,67.279999,68.199997,65.589996,65.609055,66.870003,94700
2016-09-22,67.129997,67.510002,66.33000200000001,66.178116,67.449997,72100
2016-09-23,67.480003,69.32,66.779999,66.57058,67.849998,47900
2016-09-26,67.449997,67.720001,66.860001,65.658112,66.91999799999999,47400
2016-09-27,67.089996,67.690002,66.410004,65.883774,67.150002,62400
2016-09-28,67.08000200000001,67.08000200000001,66.16999799999999,65.854187,66.779999,59800
2016-09-29,66.370003,66.83000200000001,65.910004,65.22306800000001,66.139999,60400
2016-09-30,66.25,66.769997,65.0,64.13832099999999,65.040001,103500
2016-10-03,65.150002,66.33000200000001,64.889999,65.203346,66.120003,88100
2016-10-04,66.129997,66.190002,65.0,64.710274,65.620003,58600
2016-10-05,65.83000200000001,66.309998,65.010002,65.114586,66.029999,83200
2016-10-06,66.139999,66.139999,65.010002,64.38485,65.290001,57800
2016-10-07,65.489998,65.83000200000001,64.82,64.513046,65.41999799999999,58800
2016-10-10,65.389999,67.510002,65.309998,66.485313,67.41999799999999,77400
2016-10-11,67.389999,67.900002,66.370003,65.65696700000001,66.58000200000001,57300
2016-10-12,66.779999,67.08000200000001,66.239998,65.568214,66.489998,72300
2016-10-13,66.489998,66.489998,65.059998,64.305954,65.209999,48300
2016-10-14,65.339996,65.739998,65.0,64.22706600000001,65.129997,41100
2016-10-17,65.239998,65.800003,64.690002,64.710274,65.620003,48200
2016-10-18,65.849998,66.379997,65.650002,64.80888399999999,65.720001,37100
2016-10-19,65.480003,66.059998,65.300003,64.877922,65.790001,42700
2016-10-20,65.58000200000001,65.800003,65.269997,64.710274,65.620003,41600
2016-10-21,65.199997,66.0,64.83000200000001,64.77930500000001,65.690002,36600
2016-10-24,66.16999799999999,66.889999,65.83000200000001,65.311829,66.230003,29500
2016-10-25,66.32,66.769997,65.800003,65.015976,65.93,47800
2016-10-26,65.779999,66.050003,65.279999,64.710274,65.620003,38300
2016-10-27,68.25,69.440002,65.699997,66.189484,67.120003,120000
2016-10-28,67.300003,70.230003,66.279999,65.676689,66.599998,42400
2016-10-31,66.370003,67.83000200000001,66.150002,66.702271,67.639999,102500
2016-11-01,67.440002,67.440002,66.07,66.002113,66.93,69500
2016-11-02,65.449997,66.599998,64.629997,64.591942,65.5,99300
2016-11-03,65.379997,66.300003,65.110001,64.335541,65.239998,56500
2016-11-04,65.379997,66.82,65.32,65.666824,66.589996,46600
2016-11-07,67.32,67.410004,66.589996,65.962677,66.889999,65900
2016-11-08,66.660004,67.559998,65.540001,65.89363900000001,66.82,62700
2016-11-09,66.620003,67.970001,66.059998,66.791023,67.730003,53300
2016-11-10,68.0,68.0,65.389999,66.27822900000001,67.209999,91600
2016-11-11,67.150002,70.010002,67.150002,68.132164,69.089996,64500
2016-11-14,69.449997,69.970001,68.160004,67.95465899999999,68.910004,73900
2016-11-15,69.010002,69.440002,68.160004,67.362976,68.309998,78400
2016-11-16,68.32,69.470001,68.32,68.428009,69.389999,48800
2016-11-17,69.339996,70.059998,69.0,68.250504,69.209999,37700
2016-11-18,69.129997,70.43,68.940002,69.37469499999999,70.349998,50900
2016-11-21,70.18,71.83000200000001,69.41999799999999,70.824318,71.82,38300
2016-11-22,71.559998,73.57,71.559998,72.264084,73.279999,55100
2016-11-23,73.019997,74.16999799999999,73.010002,72.697983,73.720001,39200
2016-11-25,73.760002,74.720001,73.360001,73.11216,74.139999,22400
2016-11-28,73.849998,75.58000200000001,73.650002,74.354691,75.400002,56900
2016-11-29,75.190002,76.099998,73.709999,72.99382,74.019997,52900
2016-11-30,74.25,74.25,72.190002,71.307518,72.309998,58200
2016-12-01,72.389999,73.860001,72.309998,71.573784,72.58000200000001,53000
2016-12-02,72.33000200000001,73.970001,72.33000200000001,71.711845,72.720001,39200
2016-12-05,73.139999,74.639999,72.209999,73.546059,74.58000200000001,45900
2016-12-06,74.739998,75.349998,74.18,74.206764,75.25,37800
2016-12-07,75.010002,77.800003,74.5,75.764862,76.83000200000001,50700
2016-12-08,76.900002,77.300003,76.379997,76.129738,77.199997,51200
2016-12-09,77.110001,78.620003,76.970001,77.431435,78.519997,40800
2016-12-12,78.370003,78.779999,78.010002,77.687836,78.779999,55900
2016-12-13,79.0,79.480003,78.269997,77.549767,78.639999,58700
2016-12-14,78.809998,79.440002,76.730003,76.05085,77.120003,46400
2016-12-15,77.029999,78.540001,77.0,76.800308,77.879997,58000
2016-12-16,78.209999,78.239998,77.07,76.336823,77.410004,283600
2016-12-19,77.629997,78.910004,77.099998,77.62867,78.720001,60000
2016-12-20,78.959999,79.839996,78.150002,78.555634,79.660004,33000
2016-12-21,79.489998,80.970001,79.370003,78.397858,79.5,40900
2016-12-22,79.599998,79.629997,78.610001,77.687836,78.779999,29400
2016-12-23,78.699997,82.110001,78.489998,80.754715,81.889999,58000
2016-12-27,81.620003,84.07,81.620003,82.184608,83.339996,52800
2016-12-28,83.540001,84.290001,80.150002,80.15475500000001,80.949997,59700
2016-12-29,80.83000200000001,81.870003,80.25,80.75876600000001,81.559998,34100
2016-12-30,81.160004,81.260002,79.470001,79.342804,80.129997,52900
2017-01-03,80.220001,87.82,80.150002,82.966858,83.790001,118700
2017-01-04,84.0,85.760002,83.199997,84.18476899999999,85.019997,68000
2017-01-05,85.220001,86.610001,83.93,84.10556,84.940002,56000
2017-01-06,84.980003,84.980003,82.309998,81.570709,82.379997,36200
2017-01-09,82.370003,82.599998,81.190002,81.045914,81.849998,44700
2017-01-10,81.360001,82.209999,81.230003,81.39247900000001,82.199997,30100
2017-01-11,81.5,82.510002,80.889999,81.174637,81.980003,42300
2017-01-12,81.790001,82.58000200000001,79.980003,81.14492800000001,81.949997,54200
2017-01-13,82.360001,82.360001,79.959999,81.313263,82.120003,38200
2017-01-17,82.230003,82.230003,80.599998,80.75876600000001,81.559998,46700
2017-01-18,81.809998,81.809998,79.389999,79.085373,79.870003,58700
2017-01-19,79.870003,79.870003,77.949997,78.322929,79.099998,62800
2017-01-20,78.879997,80.57,78.879997,79.263603,80.050003,43900
2017-01-23,80.050003,80.300003,79.220001,79.402229,80.190002,27400
2017-01-24,80.300003,80.900002,79.099998,79.491341,80.279999,43500
2017-01-25,80.790001,80.790001,79.66999799999999,79.124977,79.910004,37600
2017-01-26,79.720001,79.75,78.83000200000001,78.62989,79.410004,26400
2017-01-27,78.800003,80.279999,78.739998,79.441833,80.230003,35600
2017-01-30,79.720001,80.110001,78.559998,78.51106300000001,79.290001,51100
2017-01-31,79.230003,80.730003,79.230003,79.501244,80.290001,70700
2017-02-01,80.769997,81.190002,74.449997,75.520729,76.269997,109300
2017-02-02,76.16999799999999,77.349998,75.589996,76.322777,77.08000200000001,64000
2017-02-03,77.33000200000001,78.720001,77.059998,77.74861899999999,78.519997,38500
2017-02-06,78.519997,78.519997,75.980003,75.629646,76.379997,34900
2017-02-07,75.949997,77.010002,75.309998,76.05542,76.809998,50200
2017-02-08,76.540001,76.709999,75.540001,75.46131899999999,76.209999,38600
2017-02-09,75.769997,77.860001,75.769997,76.540611,77.300003,34100
2017-02-10,77.699997,79.559998,74.510002,78.550674,79.33000200000001,48100
2017-02-13,79.599998,79.900002,78.809998,78.719002,79.5,44800
2017-02-14,79.25,79.709999,77.68,78.659592,79.440002,53600
2017-02-15,79.059998,79.75,78.620003,78.560562,79.339996,44600
2017-02-16,79.040001,81.230003,79.040001,80.30328399999999,81.099998,82700
2017-02-17,81.279999,81.550003,80.510002,79.95671800000001,80.75,114500
2017-02-21,81.379997,81.510002,80.75,80.461708,81.260002,98000
2017-02-22,81.400002,82.589996,81.110001,80.867676,81.66999799999999,103800
2017-02-23,80.150002,81.849998,75.93,75.45141600000001,76.199997,86300
2017-02-24,75.5,75.980003,68.010002,67.351776,68.019997,108600
2017-02-27,68.41999799999999,73.800003,67.459999,72.411575,73.129997,216400
2017-02-28,72.730003,73.0,68.08000200000001,67.71814,68.389999,137000
2017-03-01,69.239998,70.940002,68.839996,69.520264,70.209999,75400
2017-03-02,70.230003,70.540001,68.029999,67.609222,68.279999,49200
2017-03-03,67.910004,68.099998,66.589996,66.054649,66.709999,53100
2017-03-06,66.470001,68.690002,66.050003,67.629028,68.300003,79200
2017-03-07,68.209999,69.5,67.860001,67.876579,68.550003,55400
2017-03-08,68.800003,68.809998,66.93,67.629028,68.300003,60500
2017-03-09,68.0,69.790001,68.0,67.83695999999999,68.510002,50000
2017-03-10,69.239998,69.459999,68.010002,68.44097099999999,69.120003,37400
2017-03-13,68.849998,71.550003,68.849998,70.629257,71.33000200000001,53000
2017-03-14,70.860001,72.58000200000001,70.379997,70.767883,71.470001,47500
2017-03-15,71.529999,73.279999,71.290001,71.668938,72.379997,51800
2017-03-16,72.620003,73.0,71.510002,71.857079,72.57,44000
2017-03-17,72.32,74.110001,69.900002,73.20371999999999,73.93,230100
2017-03-20,73.989998,74.959999,72.720001,72.768036,73.489998,46200
2017-03-21,73.779999,73.779999,71.879997,71.34219399999999,72.050003,39000
2017-03-22,71.730003,72.809998,70.209999,70.668877,71.370003,52900
2017-03-23,70.0,72.529999,70.0,71.114449,71.82,44200
2017-03-24,71.809998,72.889999,71.260002,71.27288100000001,71.980003,51500
2017-03-27,70.949997,71.75,70.58000200000001,70.223282,70.91999799999999,40800
2017-03-28,70.360001,74.660004,70.190002,70.946114,71.650002,40000
2017-03-29,71.139999,71.5,70.620003,70.985916,71.349998,19800
2017-03-30,71.309998,72.470001,70.440002,70.786934,71.150002,51900
2017-03-31,71.059998,71.370003,69.93,70.060661,70.41999799999999,71200
2017-04-03,70.279999,71.279999,68.620003,69.205048,69.559998,40300
2017-04-04,69.309998,70.66999799999999,69.269997,69.175201,69.529999,54000
2017-04-05,69.989998,70.260002,68.650002,68.996117,69.349998,60500
2017-04-06,69.209999,69.760002,68.57,69.205048,69.559998,51500
2017-04-07,69.639999,70.290001,69.150002,69.772141,70.129997,71900
2017-04-10,70.790001,71.150002,69.650002,70.30938,70.66999799999999,37200
2017-04-11,70.449997,71.650002,69.720001,70.46856700000001,70.83000200000001,37900
2017-04-12,70.559998,72.129997,70.160004,71.54306,71.910004,48400
2017-04-13,72.08000200000001,72.08000200000001,69.910004,69.593056,69.949997,42000
2017-04-17,70.010002,71.849998,70.010002,71.393822,71.760002,28900
2017-04-18,71.5,72.0,70.709999,71.105301,71.470001,47500
2017-04-19,71.66999799999999,72.83000200000001,70.610001,70.936172,71.300003,57600
2017-04-20,71.510002,71.910004,69.940002,70.30938,70.66999799999999,60400
2017-04-21,70.620003,71.540001,70.33000200000001,70.79689,71.160004,63200
2017-04-24,72.0,72.610001,70.760002,70.587952,70.949997,55500
2017-04-25,71.559998,72.550003,71.529999,71.592804,71.959999,69800
2017-04-26,71.66999799999999,73.989998,71.66999799999999,72.756828,73.129997,127300
2017-04-27,72.75,73.809998,70.690002,71.115257,71.480003,73400
2017-04-28,71.449997,71.449997,68.75,68.836937,69.190002,84400
2017-05-01,69.480003,69.480003,66.940002,67.20530699999999,67.550003,65500
2017-05-02,68.029999,69.230003,67.019997,68.79714200000001,69.150002,70500
2017-05-03,68.66999799999999,69.199997,66.279999,66.17061600000001,66.510002,101400
2017-05-04,66.68,66.68,63.459998999999996,64.76780699999999,65.099998,91400
2017-05-05,65.089996,66.790001,64.879997,66.150711,66.489998,58600
2017-05-08,66.489998,67.220001,65.16999799999999,66.09101899999999,66.43,51200
2017-05-09,66.0,67.370003,65.239998,66.29995,66.639999,45200
2017-05-10,66.089996,67.489998,65.040001,65.09612299999999,65.43,53200
2017-05-11,65.18,65.18,62.869999,62.688469,63.009997999999996,53200
2017-05-12,62.619999,64.33000200000001,62.5,63.772907,64.099998,53600
2017-05-15,64.370003,65.239998,64.089996,63.78286,64.110001,61800
2017-05-16,64.58000200000001,64.58000200000001,63.279999,63.195868999999995,63.52,44200
2017-05-17,62.490002000000004,62.75,61.700001,61.574183999999995,61.889998999999996,84100
2017-05-18,61.529999,63.200001,60.990002000000004,62.250717,62.57,87300
2017-05-19,62.509997999999996,64.190002,62.330002,63.066531999999995,63.389998999999996,185500
2017-05-22,63.419998,64.940002,63.419998,63.56398000000001,63.889998999999996,50000
2017-05-23,64.220001,64.400002,62.77,62.678523999999996,63.0,91300
2017-05-24,62.849998,63.669998,62.75,63.02673299999999,63.349998,49600
2017-05-25,63.900002,64.110001,63.290001000000004,63.54408299999999,63.869999,27200
2017-05-26,63.689999,64.639999,63.369999,63.733112,64.059998,39800
2017-05-30,63.900002,64.0,63.349998,63.414749,63.740002000000004,46300
2017-05-31,63.779999,65.610001,63.580002,65.106071,65.440002,61900
2017-06-01,65.389999,66.18,64.809998,64.827507,65.160004,59400
2017-06-02,65.0,68.0,64.709999,67.07596600000001,67.41999799999999,70200
2017-06-05,67.540001,68.790001,62.889998999999996,67.702759,68.050003,56100
2017-06-06,67.650002,68.980003,66.66999799999999,68.11065699999999,68.459999,39400
2017-06-07,68.93,68.93,67.720001,67.702759,68.050003,50100
2017-06-08,67.849998,69.470001,67.120003,68.11065699999999,68.459999,38900
2017-06-09,68.610001,70.139999,68.129997,68.926476,69.279999,99800
2017-06-12,69.290001,71.220001,69.290001,70.299438,70.660004,55900
2017-06-13,70.809998,71.019997,69.269997,69.433876,69.790001,48100
2017-06-14,70.029999,70.300003,69.400002,69.65275600000001,70.010002,53300
2017-06-15,70.43,70.43,69.07,69.244843,69.599998,34600
2017-06-16,69.32,70.900002,68.699997,70.46856700000001,70.83000200000001,156500
2017-06-19,71.25,71.25,68.699997,68.52851899999999,68.879997,45900
2017-06-20,68.82,68.82,67.239998,68.011169,68.360001,53900
2017-06-21,68.339996,68.529999,66.790001,66.707863,67.050003,45000
2017-06-22,67.360001,68.230003,67.190002,67.095871,67.440002,78000
2017-06-23,67.519997,68.41999799999999,67.010002,67.42417900000001,67.769997,82600
2017-06-26,67.839996,68.559998,67.360001,67.344589,67.690002,30200
2017-06-27,67.699997,68.309998,66.5,66.28999300000001,66.629997,40200
2017-06-28,66.599998,68.599998,66.339996,68.239998,68.239998,74600
2017-06-29,68.029999,68.839996,67.160004,68.699997,68.699997,44900
2017-06-30,68.720001,69.870003,67.43,68.440002,68.440002,50300
2017-07-03,68.629997,69.879997,68.43,69.66999799999999,69.66999799999999,19000
2017-07-05,69.660004,69.660004,67.120003,67.349998,67.349998,89900
2017-07-06,67.110001,67.779999,65.610001,65.769997,65.769997,75600
2017-07-07,65.800003,67.010002,65.790001,66.660004,66.660004,69200
2017-07-10,66.660004,67.33000200000001,65.410004,66.190002,66.190002,106100
2017-07-11,66.290001,66.739998,64.279999,64.620003,64.620003,193100
2017-07-12,65.0,66.739998,64.849998,66.410004,66.410004,131000
2017-07-13,66.019997,66.540001,65.639999,66.18,66.18,96900
2017-07-14,66.309998,66.589996,65.639999,65.889999,65.889999,106000
