Date,Open,High,Low,Close,Adj Close,Volume
2010-01-04,1331.199951,1356.800049,1310.719971,1351.680054,1351.680054,1100
2010-01-05,1354.23999,1377.280029,1331.199951,1338.880005,1338.880005,800
2010-01-06,1344.0,1390.079956,1318.400024,1361.920044,1361.920044,1700
2010-01-07,1382.400024,1402.880005,1356.800049,1374.719971,1374.719971,1300
2010-01-08,1384.959961,1410.560059,1356.800049,1395.199951,1395.199951,2000
2010-01-11,1400.319946,1497.599976,1377.280029,1482.23999,1482.23999,2800
2010-01-12,1489.920044,1510.400024,1448.959961,1459.199951,1459.199951,1800
2010-01-13,1487.359985,1489.920044,1408.0,1456.640015,1456.640015,1200
2010-01-14,1456.640015,1489.920044,1397.76001,1479.680054,1479.680054,1000
2010-01-15,1484.800049,1505.280029,1413.119995,1428.47998,1428.47998,1600
2010-01-19,1433.599976,1446.400024,1397.76001,1413.119995,1413.119995,1800
2010-01-20,1410.560059,1415.680054,1356.800049,1372.160034,1372.160034,900
2010-01-21,1400.319946,1418.23999,1328.640015,1328.640015,1328.640015,1300
2010-01-22,1320.959961,1328.640015,1180.160034,1180.160034,1180.160034,4600
2010-01-25,1190.400024,1226.23999,1164.800049,1205.76001,1205.76001,1800
2010-01-26,1208.319946,1244.160034,1177.599976,1192.959961,1192.959961,1400
2010-01-27,1198.079956,1244.160034,1152.0,1177.599976,1177.599976,1000
2010-01-28,1185.280029,1200.640015,1093.119995,1111.040039,1111.040039,1400
2010-01-29,1118.719971,1136.640015,1090.560059,1103.359985,1103.359985,1200
2010-02-01,1111.040039,1152.0,1036.800049,1118.719971,1118.719971,1100
2010-02-02,1113.599976,1134.079956,1103.359985,1126.400024,1126.400024,700
2010-02-03,1121.280029,1149.439941,1113.599976,1126.400024,1126.400024,700
2010-02-04,1123.839966,1364.47998,1103.359985,1208.319946,1208.319946,5200
2010-02-05,1221.119995,1256.959961,1177.599976,1223.680054,1223.680054,1900
2010-02-08,1223.680054,1356.800049,1216.0,1233.920044,1233.920044,2900
2010-02-09,1331.199951,1331.199951,1267.199951,1280.0,1280.0,2600
2010-02-10,1305.599976,1318.400024,1251.839966,1256.959961,1256.959961,1300
2010-02-11,1254.400024,1280.0,1213.439941,1274.880005,1274.880005,1400
2010-02-12,1269.76001,1369.599976,1259.52002,1361.920044,1361.920044,3500
2010-02-16,1438.719971,1438.719971,1315.839966,1374.719971,1374.719971,2900
2010-02-17,1379.839966,1410.560059,1344.0,1367.040039,1367.040039,1000
2010-02-18,1369.599976,1390.079956,1331.199951,1359.359985,1359.359985,1300
2010-02-19,1351.680054,1364.47998,1308.160034,1356.800049,1356.800049,1000
2010-02-22,1359.359985,1369.599976,1341.439941,1349.119995,1349.119995,700
2010-02-23,1351.680054,1359.359985,1318.400024,1346.560059,1346.560059,1300
2010-02-24,1341.439941,1390.079956,1315.839966,1364.47998,1364.47998,1400
2010-02-25,1354.23999,1372.160034,1328.640015,1346.560059,1346.560059,800
2010-02-26,1344.0,1390.079956,1344.0,1361.920044,1361.920044,1200
2010-03-01,1359.359985,1397.76001,1356.800049,1387.52002,1387.52002,900
2010-03-02,1382.400024,1459.199951,1372.160034,1436.160034,1436.160034,1900
2010-03-03,1441.280029,1456.640015,1402.880005,1408.0,1408.0,1600
2010-03-04,1413.119995,1418.23999,1372.160034,1379.839966,1379.839966,800
2010-03-05,1379.839966,1431.040039,1379.839966,1420.800049,1420.800049,1600
2010-03-08,1423.359985,1484.800049,1415.680054,1464.319946,1464.319946,1600
2010-03-09,1459.199951,1484.800049,1402.880005,1431.040039,1431.040039,1600
2010-03-10,1423.359985,1461.76001,1423.359985,1451.52002,1451.52002,800
2010-03-11,1448.959961,1551.359985,1441.280029,1548.800049,1548.800049,3800
2010-03-12,1487.359985,1515.52002,1433.599976,1497.599976,1497.599976,4600
2010-03-15,1500.160034,1600.0,1484.800049,1559.040039,1559.040039,3400
2010-03-16,1582.079956,1584.640015,1536.0,1582.079956,1582.079956,2100
2010-03-17,1597.439941,1638.400024,1571.839966,1587.199951,1587.199951,2900
2010-03-18,1579.52002,1658.880005,1564.160034,1587.199951,1587.199951,2900
2010-03-19,1597.439941,1635.839966,1495.040039,1505.280029,1505.280029,3900
2010-03-22,1533.439941,1584.640015,1482.23999,1582.079956,1582.079956,2700
2010-03-23,1597.439941,1664.0,1579.52002,1648.640015,1648.640015,2600
2010-03-24,1643.52002,1722.880005,1643.52002,1666.560059,1666.560059,2900
2010-03-25,1643.52002,1776.640015,1643.52002,1733.119995,1733.119995,7500
2010-03-26,1774.0799559999998,1914.880005,1753.5999760000002,1858.560059,1858.560059,7700
2010-03-29,1907.199951,1999.359985,1879.040039,1950.719971,1950.719971,7400
2010-03-30,1963.52002,2173.439941,1953.280029,2152.959961,2152.959961,10300
2010-03-31,2176.0,2401.280029,2009.5999760000002,2073.600098,2073.600098,18000
2010-04-01,2129.919922,2216.959961,2088.959961,2176.0,2176.0,8500
2010-04-05,2214.399902,2229.76001,2135.040039,2168.320068,2168.320068,5600
2010-04-06,2191.360107,2191.360107,2137.600098,2150.399902,2150.399902,3100
2010-04-07,2176.0,2301.439941,2150.399902,2240.0,2240.0,5200
2010-04-08,2240.0,2426.8798829999996,2240.0,2424.320068,2424.320068,5700
2010-04-09,2465.280029,2560.0,2373.1201170000004,2434.560059,2434.560059,7700
2010-04-12,2498.560059,2516.47998,2380.800049,2419.199951,2419.199951,5000
2010-04-13,2536.959961,2547.199951,2360.320068,2452.47998,2452.47998,6100
2010-04-14,2501.1201170000004,2611.199951,2457.600098,2544.639893,2544.639893,5600
2010-04-15,2544.639893,2575.360107,2460.159912,2483.199951,2483.199951,4100
2010-04-16,2490.8798829999996,2529.280029,2414.080078,2432.0,2432.0,4000
2010-04-19,2457.600098,2649.600098,2414.080078,2531.840088,2531.840088,6800
2010-04-20,2560.0,2749.439941,2534.399902,2713.600098,2713.600098,7500
2010-04-21,2739.199951,2816.0,2688.0,2777.600098,2777.600098,10600
2010-04-22,3648.0,3704.320068,3233.280029,3310.080078,3310.080078,48900
2010-04-23,3328.0,3384.320068,3202.560059,3358.719971,3358.719971,10400
2010-04-26,3502.080078,3937.280029,3379.1999509999996,3671.040039,3671.040039,20200
2010-04-27,3714.5600590000004,3937.280029,3576.320068,3788.8000490000004,3788.8000490000004,16800
2010-04-28,3937.280029,4185.600098,3904.0,4057.600098,4057.600098,17100
2010-04-29,4144.640136999999,4211.200195,3906.5600590000004,4142.080078,4142.080078,12700
2010-04-30,4160.0,4170.240234000001,3893.76001,3919.360107,3919.360107,8800
2010-05-03,4032.0,4067.8400880000004,3607.040039,3921.919922,3921.919922,9700
2010-05-04,3832.320068,3891.1999509999996,3660.8000490000004,3714.5600590000004,3714.5600590000004,6300
2010-05-05,3509.76001,3601.919922,3089.919922,3379.1999509999996,3379.1999509999996,14800
2010-05-06,3361.280029,3468.8000490000004,2816.0,3159.040039,3159.040039,12700
2010-05-07,3148.800049,3330.560059,3008.0,3059.199951,3059.199951,8600
2010-05-10,3294.719971,3415.040039,3212.800049,3389.4399409999996,3389.4399409999996,10200
2010-05-11,3297.280029,3453.4399409999996,3276.800049,3358.719971,3358.719971,6100
2010-05-12,3361.280029,3450.8798829999996,3335.679932,3438.080078,3438.080078,4300
2010-05-13,3456.0,3712.0,3456.0,3589.1201170000004,3589.1201170000004,12900
2010-05-14,3622.399902,3627.5200200000004,3384.320068,3463.679932,3463.679932,5500
2010-05-17,3507.1999509999996,3788.8000490000004,3397.1201170000004,3760.639893,3760.639893,6100
2010-05-18,3880.959961,4006.399902,3788.8000490000004,3878.399902,3878.399902,8500
2010-05-19,3791.360107,3799.040039,3491.8400880000004,3660.8000490000004,3660.8000490000004,9000
2010-05-20,3496.959961,3520.0,3351.040039,3376.639893,3376.639893,8700
2010-05-21,3297.280029,3553.280029,3200.0,3445.76001,3445.76001,9000
2010-05-24,3445.76001,3814.399902,3445.76001,3729.919922,3729.919922,9800
2010-05-25,3543.040039,3998.719971,3520.0,3873.280029,3873.280029,13600
2010-05-26,4078.080078,4121.600098,3673.600098,3717.1201170000004,3717.1201170000004,11300
2010-05-27,3850.23999,3891.1999509999996,3740.1599119999996,3801.600098,3801.600098,5600
2010-05-28,3827.1999509999996,3988.4799799999996,3804.1599119999996,3978.23999,3978.23999,6500
2010-06-01,4032.0,4180.47998,3957.76001,3978.23999,3978.23999,8700
2010-06-02,4090.8798829999996,4142.080078,3996.1599119999996,4083.1999509999996,4083.1999509999996,6800
2010-06-03,4139.52002,4180.47998,3952.639893,3978.23999,3978.23999,7800
2010-06-04,3878.399902,3991.040039,3714.5600590000004,3750.399902,3750.399902,7400
2010-06-07,3432.959961,3435.5200200000004,2731.52002,2772.47998,2772.47998,36100
2010-06-08,3107.840088,3182.080078,2644.47998,2744.320068,2744.320068,18600
2010-06-09,2772.47998,2800.639893,2201.600098,2245.1201170000004,2245.1201170000004,34500
2010-06-10,2291.199951,2403.840088,2127.360107,2355.199951,2355.199951,17600
2010-06-11,2385.919922,2662.399902,2355.199951,2616.320068,2616.320068,15000
2010-06-14,2688.0,2754.560059,2496.0,2506.23999,2506.23999,9500
2010-06-15,2549.76001,2557.439941,2408.959961,2493.439941,2493.439941,8100
2010-06-16,2449.919922,2480.639893,2304.0,2316.800049,2316.800049,6900
2010-06-17,2321.919922,2467.840088,2224.639893,2408.959961,2408.959961,9800
2010-06-18,2449.919922,2455.040039,2283.52002,2319.360107,2319.360107,6100
2010-06-21,2380.800049,2385.919922,2255.360107,2291.199951,2291.199951,5800
2010-06-22,2293.76001,2342.399902,2214.399902,2227.199951,2227.199951,3600
2010-06-23,2242.560059,2252.800049,2004.47998,2032.640015,2032.640015,9200
2010-06-24,2042.880005,2058.23999,1937.9200440000002,1960.959961,1960.959961,6100
2010-06-25,1963.52002,2060.800049,1932.800049,2060.800049,2060.800049,7900
2010-06-28,2019.839966,2042.880005,1817.5999760000002,1850.880005,1850.880005,8200
2010-06-29,1792.0,1794.560059,1610.23999,1648.640015,1648.640015,10700
2010-06-30,1638.400024,1728.0,1602.560059,1623.040039,1623.040039,6600
2010-07-01,1561.599976,1623.040039,1446.400024,1505.280029,1505.280029,10500
2010-07-02,1515.52002,1536.0,1448.959961,1472.0,1472.0,4300
2010-07-06,1536.0,1571.839966,1448.959961,1474.560059,1474.560059,6100
2010-07-07,1466.880005,1523.199951,1428.47998,1507.839966,1507.839966,6200
2010-07-08,1556.47998,1594.880005,1448.959961,1497.599976,1497.599976,5100
2010-07-09,1487.359985,2007.040039,1469.439941,1966.0799559999998,1966.0799559999998,31100
2010-07-12,1935.359985,1940.47998,1751.040039,1766.4000239999998,1766.4000239999998,14700
2010-07-13,1812.47998,1950.719971,1766.4000239999998,1873.9200440000002,1873.9200440000002,10900
2010-07-14,1879.040039,2173.439941,1822.719971,2117.1201170000004,2117.1201170000004,24000
2010-07-15,2109.439941,2237.439941,2068.47998,2109.439941,2109.439941,10100
2010-07-16,2112.0,2160.639893,1937.9200440000002,1973.7600100000002,1973.7600100000002,8300
2010-07-19,1978.880005,1996.800049,1804.800049,1830.4000239999998,1830.4000239999998,5800
2010-07-20,1743.359985,1943.040039,1717.7600100000002,1932.800049,1932.800049,6300
2010-07-21,1963.52002,2042.880005,1832.959961,1840.640015,1840.640015,5500
2010-07-22,1902.0799559999998,1966.0799559999998,1889.280029,1902.0799559999998,1902.0799559999998,4400
2010-07-23,1894.4000239999998,2030.0799559999998,1891.839966,2019.839966,2019.839966,3700
2010-07-26,2091.52002,2265.600098,2073.600098,2224.639893,2224.639893,8800
2010-07-27,2268.159912,2344.959961,2155.52002,2224.639893,2224.639893,8100
2010-07-28,2191.360107,2201.600098,2037.7600100000002,2048.0,2048.0,5000
2010-07-29,2106.8798829999996,2188.800049,2050.560059,2158.080078,2158.080078,4900
2010-07-30,2058.23999,2135.040039,1937.9200440000002,1996.800049,1996.800049,6600
2010-08-02,2068.47998,2086.399902,1932.800049,2024.959961,2024.959961,5500
2010-08-03,2048.0,2058.23999,1953.280029,1955.839966,1955.839966,3200
2010-08-04,1971.199951,2150.399902,1971.199951,2078.719971,2078.719971,6100
2010-08-05,2073.600098,2083.840088,1996.800049,2017.280029,2017.280029,2200
2010-08-06,2009.5999760000002,2045.439941,1927.680054,2045.439941,2045.439941,3100
2010-08-09,2048.0,2109.439941,2019.839966,2083.840088,2083.840088,2700
2010-08-10,2048.0,2168.320068,2045.439941,2129.919922,2129.919922,3300
2010-08-11,2068.47998,2096.639893,1986.560059,2027.52002,2027.52002,3400
2010-08-12,1984.0,2042.880005,1960.959961,1971.199951,1971.199951,2400
2010-08-13,1973.7600100000002,2017.280029,1907.199951,1917.439941,1917.439941,2400
2010-08-16,1907.199951,1922.560059,1812.47998,1830.4000239999998,1830.4000239999998,3200
2010-08-17,1740.800049,1815.040039,1687.040039,1704.959961,1704.959961,14200
2010-08-18,1733.119995,1740.800049,1605.119995,1612.800049,1612.800049,8000
2010-08-19,1610.23999,1692.160034,1530.880005,1666.560059,1666.560059,10200
2010-08-20,1697.280029,1697.280029,1587.199951,1633.280029,1633.280029,3700
2010-08-23,1643.52002,1651.199951,1536.0,1546.23999,1546.23999,3900
2010-08-24,1505.280029,1510.400024,1384.959961,1438.719971,1438.719971,7100
2010-08-25,1408.0,1441.280029,1369.599976,1415.680054,1415.680054,5500
2010-08-26,1477.119995,1510.400024,1438.719971,1446.400024,1446.400024,5000
2010-08-27,1482.23999,1569.280029,1425.920044,1556.47998,1556.47998,4200
2010-08-30,1551.359985,1561.599976,1487.359985,1495.040039,1495.040039,2900
2010-08-31,1505.280029,1587.199951,1484.800049,1556.47998,1556.47998,7100
2010-09-01,1594.880005,1605.119995,1533.439941,1536.0,1536.0,4200
2010-09-02,1536.0,1536.0,1492.47998,1502.719971,1502.719971,3400
2010-09-03,1548.800049,1623.040039,1528.319946,1600.0,1600.0,4200
2010-09-07,1600.0,1707.52002,1561.599976,1656.319946,1656.319946,5000
2010-09-08,1664.0,1774.0799559999998,1656.319946,1740.800049,1740.800049,4200
2010-09-09,1771.52002,1779.199951,1633.280029,1666.560059,1666.560059,3800
2010-09-10,1681.9200440000002,1702.4000239999998,1536.0,1674.23999,1674.23999,2500
2010-09-13,1702.4000239999998,1753.5999760000002,1681.9200440000002,1735.680054,1735.680054,3900
2010-09-14,1735.680054,1745.9200440000002,1676.800049,1722.880005,1722.880005,2100
2010-09-15,1720.319946,1758.719971,1697.280029,1735.680054,1735.680054,2000
2010-09-16,1728.0,1958.4000239999998,1728.0,1899.52002,1899.52002,11300
2010-09-17,1920.0,1930.2399899999998,1820.160034,1856.0,1856.0,5500
2010-09-20,1881.5999760000002,1953.280029,1843.199951,1922.560059,1922.560059,4000
2010-09-21,1943.040039,1994.2399899999998,1902.0799559999998,1948.160034,1948.160034,3400
2010-09-22,1922.560059,1978.880005,1884.160034,1932.800049,1932.800049,2900
2010-09-23,1904.640015,2030.0799559999998,1894.4000239999998,1984.0,1984.0,4300
2010-09-24,2017.280029,2027.52002,1935.359985,1945.5999760000002,1945.5999760000002,3700
2010-09-27,1971.199951,1991.680054,1925.119995,1940.47998,1940.47998,3300
2010-09-28,1940.47998,1955.839966,1866.2399899999998,1948.160034,1948.160034,3400
2010-09-29,1945.5999760000002,1948.160034,1899.52002,1912.319946,1912.319946,1800
2010-09-30,1925.119995,1932.800049,1756.160034,1843.199951,1843.199951,5200
2010-10-01,1861.119995,1907.199951,1835.52002,1884.160034,1884.160034,2400
2010-10-04,1868.800049,1907.199951,1817.5999760000002,1843.199951,1843.199951,1700
2010-10-05,1871.359985,1902.0799559999998,1825.280029,1894.4000239999998,1894.4000239999998,2700
2010-10-06,1881.5999760000002,1904.640015,1838.0799559999998,1853.439941,1853.439941,1700
2010-10-07,1873.9200440000002,2150.399902,1873.9200440000002,2073.600098,2073.600098,14900
2010-10-08,2112.0,2378.23999,2086.399902,2273.280029,2273.280029,17900
2010-10-11,2255.360107,2278.399902,2086.399902,2158.080078,2158.080078,7700
2010-10-12,2155.52002,2268.159912,2106.8798829999996,2247.679932,2247.679932,4800
2010-10-13,2265.600098,2347.52002,2214.399902,2219.52002,2219.52002,5700
2010-10-14,2224.639893,2365.439941,2209.280029,2260.47998,2260.47998,8100
2010-10-15,2291.199951,2298.8798829999996,2191.360107,2234.8798829999996,2234.8798829999996,4600
2010-10-18,2227.199951,2255.360107,2181.1201170000004,2216.959961,2216.959961,3100
2010-10-19,2188.800049,2199.040039,2071.040039,2094.080078,2094.080078,4700
2010-10-20,2094.080078,2176.0,2065.919922,2129.919922,2129.919922,2800
2010-10-21,2155.52002,2204.159912,2088.959961,2129.919922,2129.919922,2600
2010-10-22,2129.919922,2155.52002,2114.560059,2132.47998,2132.47998,1900
2010-10-25,2142.719971,2204.159912,2122.23999,2191.360107,2191.360107,3900
2010-10-26,2181.1201170000004,2321.919922,2152.959961,2234.8798829999996,2234.8798829999996,4800
2010-10-27,2227.199951,2270.719971,2155.52002,2232.320068,2232.320068,2500
2010-10-28,2263.040039,2263.040039,2188.800049,2209.280029,2209.280029,1800
2010-10-29,2193.919922,2206.719971,2160.639893,2176.0,2176.0,2000
2010-11-01,2178.560059,2178.560059,2014.719971,2045.439941,2045.439941,4900
2010-11-02,2063.360107,2206.719971,2012.160034,2173.439941,2173.439941,6000
2010-11-03,2188.800049,2193.919922,2076.159912,2109.439941,2109.439941,2900
2010-11-04,2150.399902,2201.600098,2083.840088,2183.679932,2183.679932,4700
2010-11-05,2201.600098,2298.8798829999996,2163.199951,2209.280029,2209.280029,6600
2010-11-08,2209.280029,2352.639893,2209.280029,2337.280029,2337.280029,5300
2010-11-09,2406.399902,2547.199951,2391.040039,2472.959961,2472.959961,9300
2010-11-10,2467.840088,2593.280029,2383.360107,2557.439941,2557.439941,6100
2010-11-11,2565.1201170000004,2685.439941,2534.399902,2631.679932,2631.679932,6200
2010-11-12,2611.199951,2672.639893,2496.0,2577.919922,2577.919922,5700
2010-11-15,2639.360107,2662.399902,2572.800049,2583.040039,2583.040039,3500
2010-11-16,2557.439941,2577.919922,2460.159912,2496.0,2496.0,4300
2010-11-17,2488.320068,2521.600098,2432.0,2467.840088,2467.840088,2600
2010-11-18,2496.0,2585.600098,2483.199951,2534.399902,2534.399902,3700
2010-11-19,2583.040039,2598.399902,2516.47998,2560.0,2560.0,2800
2010-11-22,2565.1201170000004,2649.600098,2465.280029,2524.159912,2524.159912,4400
2010-11-23,2493.439941,2534.399902,2434.560059,2506.23999,2506.23999,2300
2010-11-24,2531.840088,2572.800049,2485.76001,2565.1201170000004,2565.1201170000004,2300
2010-11-26,2539.52002,2598.399902,2496.0,2511.360107,2511.360107,1300
2010-11-29,2511.360107,2554.8798829999996,2457.600098,2542.080078,2542.080078,2200
2010-11-30,2539.52002,2598.399902,2490.8798829999996,2575.360107,2575.360107,3200
2010-12-01,2608.639893,2649.600098,2529.280029,2542.080078,2542.080078,3500
2010-12-02,2557.439941,2580.47998,2521.600098,2544.639893,2544.639893,1700
2010-12-03,2557.439941,2560.0,2516.47998,2534.399902,2534.399902,1900
2010-12-06,2560.0,2798.080078,2531.840088,2741.76001,2741.76001,6300
2010-12-07,2798.080078,2803.199951,2664.959961,2700.800049,2700.800049,5500
2010-12-08,2700.800049,2726.399902,2624.0,2657.280029,2657.280029,2700
2010-12-09,2677.76001,2764.800049,2649.600098,2734.080078,2734.080078,3400
2010-12-10,2734.080078,2887.679932,2726.399902,2885.1201170000004,2885.1201170000004,4100
2010-12-13,2908.159912,2969.600098,2705.919922,2723.840088,2723.840088,5300
2010-12-14,2728.959961,2782.719971,2662.399902,2726.399902,2726.399902,2600
2010-12-15,2713.600098,2800.639893,2649.600098,2677.76001,2677.76001,2800
2010-12-16,2688.0,2764.800049,2688.0,2749.439941,2749.439941,1600
2010-12-17,2746.8798829999996,2759.679932,2567.679932,2728.959961,2728.959961,5300
2010-12-20,2728.959961,2767.360107,2675.199951,2746.8798829999996,2746.8798829999996,1900
2010-12-21,2746.8798829999996,2813.439941,2728.959961,2767.360107,2767.360107,1700
2010-12-22,2862.080078,2867.199951,2521.600098,2588.159912,2588.159912,7600
2010-12-23,2565.1201170000004,2652.159912,2457.600098,2583.040039,2583.040039,5400
2010-12-27,2570.23999,2570.23999,2508.800049,2531.840088,2531.840088,1600
2010-12-28,2521.600098,2567.679932,2483.199951,2544.639893,2544.639893,2300
2010-12-29,2547.199951,2621.439941,2529.280029,2606.080078,2606.080078,1700
2010-12-30,2598.399902,2636.800049,2560.0,2562.560059,2562.560059,1200
2010-12-31,2562.560059,2577.919922,2503.679932,2508.800049,2508.800049,1700
2011-01-03,2526.719971,2585.600098,2519.040039,2562.560059,2562.560059,2900
2011-01-04,2565.1201170000004,2577.919922,2460.159912,2501.1201170000004,2501.1201170000004,3200
2011-01-05,2496.0,2506.23999,2449.919922,2472.959961,2472.959961,3000
2011-01-06,2472.959961,2534.399902,2432.0,2452.47998,2452.47998,2900
2011-01-07,2462.719971,2490.8798829999996,2380.800049,2391.040039,2391.040039,2700
2011-01-10,2373.1201170000004,2380.800049,2260.47998,2350.080078,2350.080078,4400
2011-01-11,2388.47998,2536.959961,2311.679932,2493.439941,2493.439941,6100
2011-01-12,2488.320068,2534.399902,2457.600098,2519.040039,2519.040039,2500
2011-01-13,2511.360107,2524.159912,2444.800049,2470.399902,2470.399902,2200
2011-01-14,2462.719971,2521.600098,2429.439941,2493.439941,2493.439941,2400
2011-01-18,2496.0,2529.280029,2457.600098,2516.47998,2516.47998,1800
2011-01-19,2508.800049,2508.800049,2316.800049,2334.719971,2334.719971,5300
2011-01-20,2309.1201170000004,2401.280029,2242.560059,2314.23999,2314.23999,3500
2011-01-21,2327.040039,2342.399902,2280.959961,2291.199951,2291.199951,1700
2011-01-24,2270.719971,2311.679932,2245.1201170000004,2260.47998,2260.47998,2300
2011-01-25,2257.919922,2296.320068,2227.199951,2286.080078,2286.080078,2000
2011-01-26,2283.52002,2439.679932,2278.399902,2403.840088,2403.840088,3000
2011-01-27,2416.639893,2442.23999,2362.8798829999996,2406.399902,2406.399902,1800
2011-01-28,2421.76001,2455.040039,2365.439941,2403.840088,2403.840088,1900
2011-01-31,2408.959961,2432.0,2337.280029,2421.76001,2421.76001,2300
2011-02-01,2432.0,2490.8798829999996,2419.199951,2478.080078,2478.080078,1900
2011-02-02,2462.719971,2606.080078,2462.719971,2580.47998,2580.47998,2900
2011-02-03,2652.159912,2739.199951,2588.159912,2680.320068,2680.320068,5900
2011-02-04,2711.040039,2782.719971,2667.52002,2752.0,2752.0,3700
2011-02-07,2754.560059,2798.080078,2647.040039,2693.1201170000004,2693.1201170000004,3400
2011-02-08,2762.23999,2800.639893,2721.280029,2777.600098,2777.600098,3000
2011-02-09,2856.959961,2956.800049,2831.360107,2928.639893,2928.639893,5800
2011-02-10,2979.840088,3041.280029,2836.47998,2854.399902,2854.399902,5300
2011-02-11,2892.800049,2905.600098,2777.600098,2826.23999,2826.23999,3300
2011-02-14,2826.23999,2831.360107,2736.639893,2775.040039,2775.040039,2700
2011-02-15,2741.76001,2808.320068,2731.52002,2769.919922,2769.919922,1900
2011-02-16,2769.919922,2828.800049,2754.560059,2803.199951,2803.199951,1900
2011-02-17,2790.399902,2864.639893,2764.800049,2844.159912,2844.159912,3300
2011-02-18,2874.8798829999996,2982.399902,2864.639893,2892.800049,2892.800049,6300
2011-02-22,1766.4000239999998,2076.159912,1600.0,1794.560059,1794.560059,42200
2011-02-23,1817.5999760000002,1832.959961,1712.640015,1712.640015,1712.640015,11400
2011-02-24,1602.560059,1648.640015,1541.119995,1582.079956,1582.079956,10400
2011-02-25,1576.959961,1638.400024,1556.47998,1610.23999,1610.23999,5600
2011-02-28,1617.920044,1687.040039,1612.800049,1676.800049,1676.800049,4300
2011-03-01,1748.47998,1748.47998,1623.040039,1676.800049,1676.800049,4700
2011-03-02,1669.119995,1676.800049,1625.599976,1638.400024,1638.400024,2600
2011-03-03,1630.719971,1669.119995,1612.800049,1617.920044,1617.920044,2800
2011-03-04,1625.599976,1687.040039,1617.920044,1674.23999,1674.23999,2900
2011-03-07,1681.9200440000002,1735.680054,1648.640015,1710.0799559999998,1710.0799559999998,3100
2011-03-08,1717.7600100000002,1804.800049,1715.199951,1786.880005,1786.880005,4300
2011-03-09,1789.439941,1804.800049,1676.800049,1692.160034,1692.160034,3700
2011-03-10,1669.119995,1702.4000239999998,1600.0,1643.52002,1643.52002,3900
2011-03-11,1640.959961,1715.199951,1628.160034,1704.959961,1704.959961,1900
2011-03-14,1681.9200440000002,1712.640015,1653.76001,1679.359985,1679.359985,1300
2011-03-15,1635.839966,1763.839966,1617.920044,1715.199951,1715.199951,3900
2011-03-16,1715.199951,1779.199951,1692.160034,1761.280029,1761.280029,3000
2011-03-17,1776.640015,1815.040039,1728.0,1740.800049,1740.800049,2700
2011-03-18,1812.47998,1812.47998,1753.5999760000002,1799.680054,1799.680054,2900
2011-03-21,1817.5999760000002,1856.0,1781.7600100000002,1792.0,1792.0,2400
2011-03-22,1786.880005,1792.0,1730.560059,1743.359985,1743.359985,2400
2011-03-23,1735.680054,1799.680054,1712.640015,1789.439941,1789.439941,2200
2011-03-24,1789.439941,1848.319946,1789.439941,1848.319946,1848.319946,2900
2011-03-25,1856.0,1856.0,1804.800049,1830.4000239999998,1830.4000239999998,1700
2011-03-28,1856.0,1932.800049,1848.319946,1858.560059,1858.560059,3700
2011-03-29,1902.0799559999998,1927.680054,1861.119995,1912.319946,1912.319946,1900
2011-03-30,1935.359985,1948.160034,1873.9200440000002,1920.0,1920.0,1600
2011-03-31,1907.199951,1927.680054,1856.0,1884.160034,1884.160034,2200
2011-04-01,1894.4000239999998,1922.560059,1843.199951,1912.319946,1912.319946,2000
2011-04-04,1922.560059,1943.040039,1876.47998,1884.160034,1884.160034,1200
2011-04-05,1891.839966,1984.0,1858.560059,1955.839966,1955.839966,3000
2011-04-06,1955.839966,2004.47998,1937.9200440000002,1981.439941,1981.439941,2000
2011-04-07,1981.439941,2035.199951,1960.959961,1994.2399899999998,1994.2399899999998,1600
2011-04-08,2014.719971,2042.880005,1909.7600100000002,1927.680054,1927.680054,2500
2011-04-11,1930.2399899999998,1950.719971,1804.800049,1838.0799559999998,1838.0799559999998,2900
2011-04-12,1804.800049,1886.719971,1781.7600100000002,1858.560059,1858.560059,3700
2011-04-13,1832.959961,2483.199951,1832.959961,2209.280029,2209.280029,24900
2011-04-14,2304.0,2327.040039,2191.360107,2199.040039,2199.040039,7100
2011-04-15,2201.600098,2216.959961,2112.0,2152.959961,2152.959961,3600
2011-04-18,2129.919922,2129.919922,2058.23999,2088.959961,2088.959961,3800
2011-04-19,2150.399902,2150.399902,2086.399902,2099.199951,2099.199951,2700
2011-04-20,2132.47998,2132.47998,2076.159912,2112.0,2112.0,1900
2011-04-21,2124.800049,2147.840088,2083.840088,2114.560059,2114.560059,1600
2011-04-25,2096.639893,2112.0,1815.040039,1884.160034,1884.160034,7600
2011-04-26,1886.719971,1945.5999760000002,1856.0,1861.119995,1861.119995,4200
2011-04-27,1853.439941,1886.719971,1794.560059,1802.2399899999998,1802.2399899999998,3400
2011-04-28,1779.199951,1779.199951,1733.119995,1768.959961,1768.959961,3000
2011-04-29,1771.52002,1850.880005,1766.4000239999998,1809.9200440000002,1809.9200440000002,2200
2011-05-02,1802.2399899999998,1845.7600100000002,1722.880005,1725.439941,1725.439941,2900
2011-05-03,1715.199951,1735.680054,1676.800049,1697.280029,1697.280029,2900
2011-05-04,1692.160034,1715.199951,1633.280029,1679.359985,1679.359985,3400
2011-05-05,1643.52002,1702.4000239999998,1635.839966,1658.880005,1658.880005,2600
2011-05-06,1699.839966,1699.839966,1625.599976,1640.959961,1640.959961,2200
2011-05-09,1661.439941,1664.0,1587.199951,1640.959961,1640.959961,2700
2011-05-10,1651.199951,1740.800049,1617.920044,1707.52002,1707.52002,2600
2011-05-11,1712.640015,1733.119995,1640.959961,1661.439941,1661.439941,1700
2011-05-12,1656.319946,1666.560059,1615.359985,1623.040039,1623.040039,2300
2011-05-13,1617.920044,1646.079956,1592.319946,1605.119995,1605.119995,2100
2011-05-16,1592.319946,1615.359985,1536.0,1546.23999,1546.23999,3600
2011-05-17,1536.0,1582.079956,1484.800049,1502.719971,1502.719971,4200
2011-05-18,1515.52002,1520.640015,1446.400024,1484.800049,1484.800049,3300
2011-05-19,1495.040039,1543.680054,1484.800049,1495.040039,1495.040039,3200
2011-05-20,1497.599976,1528.319946,1459.199951,1502.719971,1502.719971,2100
2011-05-23,1484.800049,1495.040039,1446.400024,1474.560059,1474.560059,2800
2011-05-24,1484.800049,1510.400024,1454.079956,1454.079956,1454.079956,2200
2011-05-25,1451.52002,1510.400024,1443.839966,1495.040039,1495.040039,2300
2011-05-26,1497.599976,1546.23999,1474.560059,1533.439941,1533.439941,2500
2011-05-27,1536.0,1561.599976,1536.0,1559.040039,1559.040039,1200
2011-05-31,1579.52002,1589.76001,1515.52002,1548.800049,1548.800049,1900
2011-06-01,1548.800049,1548.800049,1469.439941,1474.560059,1474.560059,2200
2011-06-02,1482.23999,1500.160034,1433.599976,1446.400024,1446.400024,2800
2011-06-03,1431.040039,1456.640015,1356.800049,1377.280029,1377.280029,4300
2011-06-06,1374.719971,1523.199951,1254.400024,1459.199951,1459.199951,10300
2011-06-07,1484.800049,1497.599976,1341.439941,1346.560059,1346.560059,3600
2011-06-08,1341.439941,1344.0,1267.199951,1303.040039,1303.040039,3600
2011-06-09,1308.160034,1377.280029,1292.800049,1320.959961,1320.959961,2600
2011-06-10,1349.119995,1384.959961,1318.400024,1338.880005,1338.880005,4200
2011-06-13,1328.640015,1351.680054,1267.199951,1274.880005,1274.880005,3200
2011-06-14,1285.119995,1333.76001,1282.560059,1331.199951,1331.199951,1500
2011-06-15,1310.719971,1318.400024,1269.76001,1274.880005,1274.880005,1900
2011-06-16,1274.880005,1303.040039,1246.719971,1277.439941,1277.439941,1700
2011-06-17,1295.359985,1308.160034,1264.640015,1295.359985,1295.359985,4100
2011-06-20,1287.680054,1303.040039,1262.079956,1303.040039,1303.040039,1900
2011-06-21,1310.719971,1344.0,1295.359985,1344.0,1344.0,2300
2011-06-22,1333.76001,1395.199951,1323.52002,1367.040039,1367.040039,1500
2011-06-23,1344.0,1351.680054,1300.47998,1326.079956,1326.079956,1300
2011-06-24,1326.079956,1336.319946,1290.23999,1323.52002,1323.52002,2000
2011-06-27,1318.400024,1344.0,1297.920044,1331.199951,1331.199951,1900
2011-06-28,1320.959961,1354.23999,1320.959961,1338.880005,1338.880005,900
2011-06-29,1349.119995,1364.47998,1331.199951,1346.560059,1346.560059,700
2011-06-30,1349.119995,1367.040039,1315.839966,1320.959961,1320.959961,1300
2011-07-01,1318.400024,1344.0,1315.839966,1331.199951,1331.199951,900
2011-07-05,1333.76001,1341.439941,1285.119995,1303.040039,1303.040039,1300
2011-07-06,1297.920044,1387.52002,1292.800049,1379.839966,1379.839966,2100
2011-07-07,1382.400024,1487.359985,1364.47998,1454.079956,1454.079956,4000
2011-07-08,1428.47998,1676.800049,1420.800049,1623.040039,1623.040039,7900
2011-07-11,1602.560059,1699.839966,1548.800049,1584.640015,1584.640015,4100
2011-07-12,1579.52002,1699.839966,1569.280029,1630.719971,1630.719971,3100
2011-07-13,1646.079956,1687.040039,1589.76001,1607.680054,1607.680054,2600
2011-07-14,1617.920044,1635.839966,1497.599976,1502.719971,1502.719971,2600
2011-07-15,1356.800049,1395.199951,1292.800049,1295.359985,1295.359985,16400
2011-07-18,1326.079956,1344.0,1280.0,1280.0,1280.0,4300
2011-07-19,1297.920044,1323.52002,1292.800049,1310.719971,1310.719971,3600
2011-07-20,1315.839966,1315.839966,1290.23999,1305.599976,1305.599976,2500
2011-07-21,1310.719971,1333.76001,1292.800049,1303.040039,1303.040039,2100
2011-07-22,1303.040039,1313.280029,1290.23999,1303.040039,1303.040039,2300
2011-07-25,1292.800049,1305.599976,1282.560059,1285.119995,1285.119995,2100
2011-07-26,1280.0,1292.800049,1231.359985,1259.52002,1259.52002,3500
2011-07-27,1254.400024,1264.640015,1198.079956,1208.319946,1208.319946,3600
2011-07-28,1218.560059,1231.359985,1177.599976,1187.839966,1187.839966,3000
2011-07-29,1169.920044,1175.040039,1126.400024,1139.199951,1139.199951,5300
2011-08-01,1164.800049,1195.52002,1126.400024,1144.319946,1144.319946,2600
2011-08-02,1139.199951,1210.880005,1134.079956,1167.359985,1167.359985,2800
2011-08-03,1218.560059,1223.680054,1139.199951,1162.23999,1162.23999,2400
2011-08-04,1088.0,1088.0,931.840027,947.2000119999999,947.2000119999999,9900
2011-08-05,975.3599849999999,995.840027,896.0,960.0,960.0,4200
2011-08-08,898.5599980000001,919.0399779999999,785.919983,791.039978,791.039978,8500
2011-08-09,819.200012,862.7199710000001,793.599976,862.7199710000001,862.7199710000001,4500
2011-08-10,824.320007,916.4799800000001,808.960022,867.840027,867.840027,4500
2011-08-11,880.6400150000001,939.5200199999999,880.6400150000001,921.599976,921.599976,3700
2011-08-12,929.2800289999999,1077.76001,926.7199710000001,1059.839966,1059.839966,4900
2011-08-15,1098.23999,1128.959961,1021.4400019999999,1054.719971,1054.719971,3500
2011-08-16,1036.800049,1049.599976,975.3599849999999,995.840027,995.840027,2500
2011-08-17,1000.9600220000001,1036.800049,980.4799800000001,1013.76001,1013.76001,1700
2011-08-18,977.919983,995.840027,913.919983,921.599976,921.599976,2500
2011-08-19,924.159973,990.7199710000001,924.159973,934.400024,934.400024,2000
2011-08-22,1000.9600220000001,1052.160034,929.2800289999999,939.5200199999999,939.5200199999999,3500
2011-08-23,947.2000119999999,990.7199710000001,934.400024,990.7199710000001,990.7199710000001,2300
2011-08-24,990.7199710000001,1034.23999,960.0,983.0399779999999,983.0399779999999,1500
2011-08-25,998.400024,1013.76001,896.0,916.4799800000001,916.4799800000001,3300
2011-08-26,913.919983,924.159973,849.919983,878.080017,878.080017,3700
2011-08-29,893.4400019999999,944.6400150000001,883.2000119999999,944.6400150000001,944.6400150000001,2600
2011-08-30,936.9600220000001,1088.0,921.599976,1062.400024,1062.400024,6200
2011-08-31,1088.0,1121.280029,1034.23999,1059.839966,1059.839966,3500
2011-09-01,960.0,988.159973,913.919983,942.080017,942.080017,5200
2011-09-02,916.4799800000001,1000.9600220000001,896.0,975.3599849999999,975.3599849999999,2600
2011-09-06,931.840027,983.0399779999999,913.919983,954.8800050000001,954.8800050000001,2000
2011-09-07,980.4799800000001,1016.320007,949.76001,1008.6400150000001,1008.6400150000001,2600
2011-09-08,998.400024,1049.599976,962.5599980000001,965.1199949999999,965.1199949999999,1800
2011-09-09,952.320007,988.159973,926.7199710000001,942.080017,942.080017,1300
2011-09-12,926.7199710000001,1034.23999,924.159973,988.159973,988.159973,3500
2011-09-13,990.7199710000001,1018.8800050000001,957.4400019999999,980.4799800000001,980.4799800000001,1400
2011-09-14,988.159973,1013.76001,975.3599849999999,1003.5200199999999,1003.5200199999999,1500
2011-09-15,1013.76001,1018.8800050000001,977.919983,1003.5200199999999,1003.5200199999999,2400
2011-09-16,1013.76001,1057.280029,993.2800289999999,1057.280029,1057.280029,4200
2011-09-19,1036.800049,1054.719971,1008.6400150000001,1031.680054,1031.680054,1400
2011-09-20,1031.680054,1044.47998,990.7199710000001,993.2800289999999,993.2800289999999,1700
2011-09-21,995.840027,1016.320007,929.2800289999999,931.840027,931.840027,2000
2011-09-22,898.5599980000001,934.400024,844.7999880000001,865.2800289999999,865.2800289999999,3800
2011-09-23,849.919983,885.76001,832.0,872.9600220000001,872.9600220000001,2100
2011-09-26,965.1199949999999,967.679993,903.679993,944.6400150000001,944.6400150000001,3200
2011-09-27,965.1199949999999,1000.9600220000001,942.080017,952.320007,952.320007,2200
2011-09-28,952.320007,983.0399779999999,880.6400150000001,885.76001,885.76001,1900
2011-09-29,919.0399779999999,934.400024,839.679993,888.320007,888.320007,1100
2011-09-30,870.400024,893.4400019999999,844.7999880000001,855.0399779999999,855.0399779999999,1100
2011-10-03,834.5599980000001,878.080017,796.159973,803.840027,803.840027,3400
2011-10-04,798.719971,870.400024,780.799988,865.2800289999999,865.2800289999999,2900
2011-10-05,867.840027,896.0,852.4799800000001,878.080017,878.080017,900
2011-10-06,875.5200199999999,919.0399779999999,865.2800289999999,913.919983,913.919983,1100
2011-10-07,913.919983,919.0399779999999,844.7999880000001,849.919983,849.919983,1800
2011-10-10,870.400024,880.6400150000001,839.679993,875.5200199999999,875.5200199999999,2300
2011-10-11,867.840027,901.1199949999999,862.7199710000001,885.76001,885.76001,1300
2011-10-12,898.5599980000001,919.0399779999999,860.159973,878.080017,878.080017,1600
2011-10-13,878.080017,957.4400019999999,865.2800289999999,934.400024,934.400024,2000
2011-10-14,952.320007,952.320007,903.679993,926.7199710000001,926.7199710000001,1700
2011-10-17,916.4799800000001,936.9600220000001,862.7199710000001,867.840027,867.840027,1500
2011-10-18,870.400024,903.679993,839.679993,880.6400150000001,880.6400150000001,1700
2011-10-19,906.23999,916.4799800000001,849.919983,872.9600220000001,872.9600220000001,1500
2011-10-20,875.5200199999999,888.320007,816.6400150000001,852.4799800000001,852.4799800000001,1700
2011-10-21,872.9600220000001,875.5200199999999,832.0,844.7999880000001,844.7999880000001,1500
2011-10-24,852.4799800000001,898.5599980000001,847.3599849999999,893.4400019999999,893.4400019999999,1800
2011-10-25,896.0,896.0,849.919983,862.7199710000001,862.7199710000001,1200
2011-10-26,878.080017,893.4400019999999,844.7999880000001,865.2800289999999,865.2800289999999,1100
2011-10-27,908.7999880000001,929.2800289999999,883.2000119999999,908.7999880000001,908.7999880000001,2900
2011-10-28,916.4799800000001,962.5599980000001,916.4799800000001,960.0,960.0,2300
2011-10-31,944.6400150000001,975.3599849999999,924.159973,926.7199710000001,926.7199710000001,1100
2011-11-01,885.76001,896.0,855.0399779999999,865.2800289999999,865.2800289999999,2000
2011-11-02,885.76001,903.679993,867.840027,893.4400019999999,893.4400019999999,900
2011-11-03,906.23999,926.7199710000001,870.400024,926.7199710000001,926.7199710000001,900
2011-11-04,911.3599849999999,919.0399779999999,888.320007,913.919983,913.919983,700
2011-11-07,924.159973,934.400024,872.9600220000001,901.1199949999999,901.1199949999999,1000
2011-11-08,872.9600220000001,883.2000119999999,832.0,865.2800289999999,865.2800289999999,1900
2011-11-09,842.23999,870.400024,816.6400150000001,816.6400150000001,816.6400150000001,1800
2011-11-10,834.5599980000001,852.4799800000001,793.599976,808.960022,808.960022,1200
2011-11-11,826.880005,844.7999880000001,811.52002,834.5599980000001,834.5599980000001,1100
2011-11-14,832.0,847.3599849999999,798.719971,806.400024,806.400024,1300
2011-11-15,803.840027,829.4400019999999,796.159973,798.719971,798.719971,1400
2011-11-16,796.159973,808.960022,755.200012,768.0,768.0,2200
2011-11-17,770.5599980000001,798.719971,742.400024,747.52002,747.52002,3900
2011-11-18,750.080017,760.320007,642.5599980000001,652.799988,652.799988,5000
2011-11-21,624.6400150000001,629.76001,576.0,614.400024,614.400024,3200
2011-11-22,637.4400019999999,688.6400150000001,619.52002,670.719971,670.719971,2400
2011-11-23,668.159973,706.5599980000001,606.719971,606.719971,606.719971,2500
2011-11-25,609.280029,616.960022,588.799988,588.799988,588.799988,600
2011-11-28,624.6400150000001,665.599976,614.400024,652.799988,652.799988,2100
2011-11-29,650.23999,652.799988,596.47998,604.159973,604.159973,2200
2011-11-30,629.76001,663.039978,614.400024,660.47998,660.47998,1800
2011-12-01,655.3599849999999,673.280029,614.400024,616.960022,616.960022,1700
2011-12-02,640.0,660.47998,622.080017,642.5599980000001,642.5599980000001,900
2011-12-05,655.3599849999999,693.76001,640.0,670.719971,670.719971,2000
2011-12-06,668.159973,668.159973,642.5599980000001,657.919983,657.919983,700
2011-12-07,655.3599849999999,663.039978,640.0,652.799988,652.799988,1700
2011-12-08,642.5599980000001,660.47998,591.3599849999999,599.039978,599.039978,1300
2011-12-09,604.159973,627.200012,593.919983,596.47998,596.47998,1400
2011-12-12,588.799988,599.039978,568.320007,578.5599980000001,578.5599980000001,2000
2011-12-13,583.679993,593.919983,550.400024,550.400024,550.400024,1600
2011-12-14,535.039978,545.280029,501.76000999999997,512.0,512.0,3600
2011-12-15,514.5599980000001,545.280029,506.880005,509.44000199999994,509.44000199999994,2600
2011-12-16,514.5599980000001,514.5599980000001,473.60000599999995,483.839996,483.839996,2800
2011-12-19,483.839996,506.880005,478.72000099999997,481.27999900000003,481.27999900000003,1900
2011-12-20,491.51998899999995,512.0,483.839996,509.44000199999994,509.44000199999994,2200
2011-12-21,504.32000700000003,678.400024,504.32000700000003,619.52002,619.52002,6200
2011-12-22,614.400024,657.919983,601.599976,622.080017,622.080017,2800
2011-12-23,624.6400150000001,739.840027,624.6400150000001,729.599976,729.599976,3200
2011-12-27,729.599976,819.200012,706.5599980000001,780.799988,780.799988,5400
2011-12-28,801.280029,896.0,765.4400019999999,893.4400019999999,893.4400019999999,5300
2011-12-29,901.1199949999999,934.400024,832.0,885.76001,885.76001,5100
2011-12-30,819.200012,824.320007,729.599976,780.799988,780.799988,6100
2012-01-03,803.840027,842.23999,803.840027,834.5599980000001,834.5599980000001,2100
2012-01-04,832.0,842.23999,793.599976,832.0,832.0,1900
2012-01-05,844.7999880000001,921.599976,832.0,911.3599849999999,911.3599849999999,3200
2012-01-06,916.4799800000001,1008.6400150000001,878.080017,990.7199710000001,990.7199710000001,4600
2012-01-09,1003.5200199999999,1126.400024,954.8800050000001,1064.959961,1064.959961,4800
2012-01-10,1095.680054,1121.280029,990.7199710000001,1044.47998,1044.47998,5400
2012-01-11,1029.119995,1088.0,995.840027,1054.719971,1054.719971,2600
2012-01-12,1080.319946,1088.0,1029.119995,1077.76001,1077.76001,2100
2012-01-13,1070.079956,1146.880005,1036.800049,1064.959961,1064.959961,4100
2012-01-17,1070.079956,1077.76001,862.7199710000001,929.2800289999999,929.2800289999999,5900
2012-01-18,898.5599980000001,980.4799800000001,890.8800050000001,967.679993,967.679993,2200
2012-01-19,962.5599980000001,1021.4400019999999,962.5599980000001,990.7199710000001,990.7199710000001,1900
2012-01-20,995.840027,1041.920044,975.3599849999999,1021.4400019999999,1021.4400019999999,1700
2012-01-23,1026.560059,1036.800049,985.599976,998.400024,998.400024,1900
2012-01-24,998.400024,1021.4400019999999,972.7999880000001,988.159973,988.159973,1200
2012-01-25,983.0399779999999,1024.0,962.5599980000001,1008.6400150000001,1008.6400150000001,1400
2012-01-26,1011.2000119999999,1013.76001,967.679993,975.3599849999999,975.3599849999999,1200
2012-01-27,960.0,998.400024,957.4400019999999,985.599976,985.599976,1500
2012-01-30,975.3599849999999,993.2800289999999,949.76001,970.23999,970.23999,1100
2012-01-31,977.919983,1024.0,970.23999,1016.320007,1016.320007,1500
2012-02-01,1024.0,1075.199951,1006.080017,1049.599976,1049.599976,3000
2012-02-02,1113.599976,1144.319946,1077.76001,1090.560059,1090.560059,2700
2012-02-03,1111.040039,1121.280029,1072.640015,1113.599976,1113.599976,1800
2012-02-06,1108.47998,1195.52002,1103.359985,1149.439941,1149.439941,3700
2012-02-07,1162.23999,1162.23999,1103.359985,1116.160034,1116.160034,1900
2012-02-08,1116.160034,1123.839966,1088.0,1105.920044,1105.920044,1600
2012-02-09,1113.599976,1113.599976,1075.199951,1085.439941,1085.439941,1200
2012-02-10,1039.359985,1080.319946,1036.800049,1059.839966,1059.839966,1300
2012-02-13,1067.52002,1088.0,1057.280029,1082.880005,1082.880005,1200
2012-02-14,1111.040039,1139.199951,1088.0,1108.47998,1108.47998,2500
2012-02-15,1116.160034,1116.160034,1059.839966,1062.400024,1062.400024,1600
2012-02-16,1064.959961,1108.47998,1062.400024,1095.680054,1095.680054,1300
2012-02-17,1103.359985,1121.280029,1064.959961,1082.880005,1082.880005,1100
2012-02-21,1080.319946,1100.800049,1059.839966,1088.0,1088.0,800
2012-02-22,1088.0,1103.359985,1077.76001,1080.319946,1080.319946,600
2012-02-23,1082.880005,1105.920044,1062.400024,1098.23999,1098.23999,1000
2012-02-24,1095.680054,1105.920044,1064.959961,1067.52002,1067.52002,500
2012-02-27,1067.52002,1146.880005,1067.52002,1141.76001,1141.76001,1200
2012-02-28,1141.76001,1190.400024,1121.280029,1177.599976,1177.599976,1800
2012-02-29,1185.280029,1213.439941,1113.599976,1116.160034,1116.160034,2700
2012-03-01,1126.400024,1175.040039,1123.839966,1139.199951,1139.199951,900
2012-03-02,1144.319946,1149.439941,1077.76001,1077.76001,1077.76001,1000
2012-03-05,1072.640015,1088.0,1059.839966,1059.839966,1059.839966,800
2012-03-06,1054.719971,1057.280029,965.1199949999999,990.7199710000001,990.7199710000001,2100
2012-03-07,998.400024,1036.800049,970.23999,1018.8800050000001,1018.8800050000001,800
2012-03-08,1031.680054,1036.800049,977.919983,985.599976,985.599976,1000
2012-03-09,1026.560059,1026.560059,883.2000119999999,893.4400019999999,893.4400019999999,5400
2012-03-12,888.320007,916.4799800000001,865.2800289999999,901.1199949999999,901.1199949999999,1800
2012-03-13,911.3599849999999,924.159973,860.159973,875.5200199999999,875.5200199999999,2100
2012-03-14,870.400024,883.2000119999999,798.719971,803.840027,803.840027,3700
2012-03-15,806.400024,826.880005,783.3599849999999,819.200012,819.200012,1600
2012-03-16,816.6400150000001,832.0,791.039978,793.599976,793.599976,1800
2012-03-19,791.039978,798.719971,775.679993,791.039978,791.039978,2100
2012-03-20,824.320007,906.23999,824.320007,875.5200199999999,875.5200199999999,6000
2012-03-21,870.400024,888.320007,839.679993,842.23999,842.23999,1300
2012-03-22,832.0,837.119995,788.47998,803.840027,803.840027,1500
2012-03-23,816.6400150000001,819.200012,798.719971,811.52002,811.52002,1200
2012-03-26,826.880005,837.119995,814.080017,829.4400019999999,829.4400019999999,1400
2012-03-27,837.119995,844.7999880000001,819.200012,821.76001,821.76001,1100
2012-03-28,821.76001,826.880005,793.599976,801.280029,801.280029,900
2012-03-29,798.719971,801.280029,755.200012,762.880005,762.880005,2100
2012-03-30,770.5599980000001,806.400024,762.880005,803.840027,803.840027,1000
2012-04-02,801.280029,819.200012,778.23999,819.200012,819.200012,800
2012-04-03,819.200012,821.76001,785.919983,796.159973,796.159973,700
2012-04-04,783.3599849999999,808.960022,770.5599980000001,778.23999,778.23999,1100
2012-04-05,832.0,847.3599849999999,788.47998,793.599976,793.599976,2300
2012-04-09,785.919983,788.47998,739.840027,765.4400019999999,765.4400019999999,2000
2012-04-10,765.4400019999999,793.599976,719.3599849999999,729.599976,729.599976,2200
2012-04-11,742.400024,783.3599849999999,734.719971,757.76001,757.76001,1100
2012-04-12,757.76001,824.320007,742.400024,785.919983,785.919983,1700
2012-04-13,780.799988,780.799988,750.080017,752.6400150000001,752.6400150000001,800
2012-04-16,755.200012,778.23999,721.919983,752.6400150000001,752.6400150000001,2200
2012-04-17,760.320007,773.119995,757.76001,760.320007,760.320007,1200
2012-04-18,760.320007,765.4400019999999,721.919983,729.599976,729.599976,1600
2012-04-19,734.719971,739.840027,698.880005,701.4400019999999,701.4400019999999,2000
2012-04-20,724.47998,729.599976,668.159973,675.840027,675.840027,1600
2012-04-23,683.52002,711.679993,645.119995,706.5599980000001,706.5599980000001,2400
2012-04-24,711.679993,742.400024,711.679993,732.159973,732.159973,800
2012-04-25,742.400024,752.6400150000001,719.3599849999999,729.599976,729.599976,1100
2012-04-26,729.599976,742.400024,714.23999,721.919983,721.919983,900
2012-04-27,721.919983,721.919983,683.52002,706.5599980000001,706.5599980000001,800
2012-04-30,706.5599980000001,734.719971,691.200012,719.3599849999999,719.3599849999999,1200
2012-05-01,724.47998,752.6400150000001,719.3599849999999,744.960022,744.960022,1000
2012-05-02,742.400024,744.960022,711.679993,737.280029,737.280029,900
2012-05-03,732.159973,732.159973,693.76001,696.320007,696.320007,900
2012-05-04,693.76001,701.4400019999999,668.159973,673.280029,673.280029,1100
2012-05-07,673.280029,698.880005,670.719971,683.52002,683.52002,500
2012-05-08,673.280029,691.200012,665.599976,665.599976,665.599976,800
2012-05-09,645.119995,660.47998,622.080017,640.0,640.0,1700
2012-05-10,647.679993,647.679993,632.320007,642.5599980000001,642.5599980000001,900
2012-05-11,637.4400019999999,663.039978,637.4400019999999,642.5599980000001,642.5599980000001,700
2012-05-14,640.0,645.119995,619.52002,619.52002,619.52002,700
2012-05-15,622.080017,634.880005,586.23999,591.3599849999999,591.3599849999999,900
2012-05-16,599.039978,599.039978,529.919983,542.719971,542.719971,1200
2012-05-17,542.719971,558.080017,512.0,519.679993,519.679993,1600
2012-05-18,517.119995,519.679993,501.76000999999997,509.44000199999994,509.44000199999994,1100
2012-05-21,514.5599980000001,565.76001,499.200012,563.200012,563.200012,1500
2012-05-22,563.200012,622.080017,563.200012,578.5599980000001,578.5599980000001,1300
2012-05-23,573.4400019999999,622.080017,542.719971,560.6400150000001,560.6400150000001,1200
2012-05-24,563.200012,609.280029,552.960022,609.280029,609.280029,700
2012-05-25,378.880005,404.480011,373.76001,384.0,384.0,54300
2012-05-29,394.23999,399.359985,376.320007,381.440002,381.440002,8100
2012-05-30,386.559998,389.119995,373.76001,384.0,384.0,3500
2012-05-31,386.559998,389.119995,373.76001,381.440002,381.440002,2700
2012-06-01,381.440002,391.679993,363.519989,368.640015,368.640015,4100
2012-06-04,371.200012,378.880005,368.640015,378.880005,378.880005,7500
2012-06-05,378.880005,399.359985,378.880005,391.679993,391.679993,5300
2012-06-06,399.359985,412.160004,396.799988,404.480011,404.480011,4600
2012-06-07,414.72000099999997,414.72000099999997,386.559998,396.799988,396.799988,2700
2012-06-08,394.23999,396.799988,381.440002,381.440002,381.440002,1600
2012-06-11,389.119995,389.119995,363.519989,366.079987,366.079987,2900
2012-06-12,371.200012,373.76001,360.959991,371.200012,371.200012,2000
2012-06-13,368.640015,371.200012,358.399994,360.959991,360.959991,1400
2012-06-14,378.880005,394.23999,368.640015,391.679993,391.679993,6200
2012-06-15,396.799988,407.040009,391.679993,391.679993,391.679993,5700
2012-06-18,409.600006,409.600006,391.679993,394.23999,394.23999,3700
2012-06-19,404.480011,404.480011,381.440002,384.0,384.0,3700
2012-06-20,386.559998,396.799988,373.76001,376.320007,376.320007,4000
2012-06-21,376.320007,386.559998,360.959991,360.959991,360.959991,3400
2012-06-22,366.079987,386.559998,366.079987,376.320007,376.320007,28500
2012-06-25,378.880005,394.23999,376.320007,386.559998,386.559998,3900
2012-06-26,394.23999,407.040009,391.679993,396.799988,396.799988,5600
2012-06-27,404.480011,404.480011,384.0,391.679993,391.679993,4300
2012-06-28,391.679993,404.480011,391.679993,404.480011,404.480011,2300
2012-06-29,409.600006,430.079987,401.920013,422.39999400000005,422.39999400000005,6400
2012-07-02,419.839996,440.32000700000003,417.27999900000003,424.959991,424.959991,3200
2012-07-03,432.64001500000006,455.67999299999997,432.64001500000006,440.32000700000003,440.32000700000003,3300
2012-07-05,445.44000199999994,501.76000999999997,442.880005,496.64001500000006,496.64001500000006,7200
2012-07-06,512.0,529.919983,478.72000099999997,512.0,512.0,9100
2012-07-09,527.3599849999999,568.320007,509.44000199999994,555.52002,555.52002,13400
2012-07-10,558.080017,573.4400019999999,527.3599849999999,537.599976,537.599976,7500
2012-07-11,535.039978,545.280029,512.0,522.23999,522.23999,4700
2012-07-12,540.159973,542.719971,491.51998899999995,509.44000199999994,509.44000199999994,5300
2012-07-13,527.3599849999999,527.3599849999999,499.200012,504.32000700000003,504.32000700000003,2400
2012-07-16,499.200012,501.76000999999997,453.119995,481.27999900000003,481.27999900000003,6300
2012-07-17,478.72000099999997,486.39999400000005,458.23999000000003,471.040009,471.040009,2600
2012-07-18,471.040009,476.160004,455.67999299999997,460.799988,460.799988,2500
2012-07-19,460.799988,478.72000099999997,460.799988,465.920013,465.920013,1300
2012-07-20,468.48001100000005,486.39999400000005,460.799988,486.39999400000005,486.39999400000005,2500
2012-07-23,481.27999900000003,483.839996,460.799988,471.040009,471.040009,1300
2012-07-24,473.60000599999995,473.60000599999995,442.880005,450.55999800000006,450.55999800000006,2200
2012-07-25,453.119995,455.67999299999997,432.64001500000006,437.76000999999997,437.76000999999997,2000
2012-07-26,440.32000700000003,458.23999000000003,435.200012,440.32000700000003,440.32000700000003,1000
2012-07-27,442.880005,450.55999800000006,435.200012,440.32000700000003,440.32000700000003,1100
2012-07-30,448.0,468.48001100000005,442.880005,453.119995,453.119995,1700
2012-07-31,455.67999299999997,460.799988,437.76000999999997,440.32000700000003,440.32000700000003,1100
2012-08-01,445.44000199999994,455.67999299999997,427.51998899999995,437.76000999999997,437.76000999999997,1500
2012-08-02,424.959991,435.200012,419.839996,419.839996,419.839996,1500
2012-08-03,432.64001500000006,432.64001500000006,412.160004,419.839996,419.839996,1400
2012-08-06,427.51998899999995,453.119995,419.839996,445.44000199999994,445.44000199999994,1000
2012-08-07,471.040009,473.60000599999995,424.959991,432.64001500000006,432.64001500000006,4000
2012-08-08,432.64001500000006,437.76000999999997,417.27999900000003,427.51998899999995,427.51998899999995,2600
2012-08-09,435.200012,473.60000599999995,427.51998899999995,465.920013,465.920013,2900
2012-08-10,468.48001100000005,532.47998,468.48001100000005,517.119995,517.119995,9900
2012-08-13,522.23999,537.599976,504.32000700000003,524.799988,524.799988,6700
2012-08-14,529.919983,535.039978,501.76000999999997,514.5599980000001,514.5599980000001,5900
2012-08-15,509.44000199999994,545.280029,504.32000700000003,517.119995,517.119995,5200
2012-08-16,524.799988,524.799988,476.160004,481.27999900000003,481.27999900000003,4700
2012-08-17,488.959991,509.44000199999994,460.799988,501.76000999999997,501.76000999999997,3100
2012-08-20,504.32000700000003,512.0,486.39999400000005,488.959991,488.959991,1600
2012-08-21,496.64001500000006,506.880005,486.39999400000005,488.959991,488.959991,1100
2012-08-22,494.079987,499.200012,483.839996,499.200012,499.200012,1000
2012-08-23,499.200012,512.0,488.959991,512.0,512.0,2800
2012-08-24,522.23999,524.799988,504.32000700000003,514.5599980000001,514.5599980000001,3000
2012-08-27,512.0,514.5599980000001,481.27999900000003,496.64001500000006,496.64001500000006,3300
2012-08-28,496.64001500000006,512.0,481.27999900000003,501.76000999999997,501.76000999999997,2200
2012-08-29,499.200012,514.5599980000001,496.64001500000006,509.44000199999994,509.44000199999994,1100
2012-08-30,514.5599980000001,517.119995,486.39999400000005,491.51998899999995,491.51998899999995,1200
2012-08-31,496.64001500000006,514.5599980000001,491.51998899999995,506.880005,506.880005,4500
2012-09-04,486.39999400000005,494.079987,471.040009,478.72000099999997,478.72000099999997,2300
2012-09-05,481.27999900000003,491.51998899999995,471.040009,481.27999900000003,481.27999900000003,1500
2012-09-06,486.39999400000005,486.39999400000005,440.32000700000003,440.32000700000003,440.32000700000003,5100
2012-09-07,445.44000199999994,448.0,437.76000999999997,448.0,448.0,2000
2012-09-10,450.55999800000006,450.55999800000006,432.64001500000006,437.76000999999997,437.76000999999997,2000
2012-09-11,437.76000999999997,437.76000999999997,430.079987,432.64001500000006,432.64001500000006,1400
2012-09-12,432.64001500000006,440.32000700000003,427.51998899999995,440.32000700000003,440.32000700000003,1800
2012-09-13,435.200012,448.0,427.51998899999995,437.76000999999997,437.76000999999997,2400
2012-09-14,440.32000700000003,445.44000199999994,432.64001500000006,435.200012,435.200012,2100
2012-09-17,442.880005,455.67999299999997,440.32000700000003,442.880005,442.880005,3100
2012-09-18,450.55999800000006,450.55999800000006,432.64001500000006,437.76000999999997,437.76000999999997,3900
2012-09-19,473.60000599999995,476.160004,450.55999800000006,453.119995,453.119995,10400
2012-09-20,460.799988,463.35998499999994,445.44000199999994,450.55999800000006,450.55999800000006,5400
2012-09-21,453.119995,463.35998499999994,440.32000700000003,453.119995,453.119995,4200
2012-09-24,471.040009,473.60000599999995,437.76000999999997,442.880005,442.880005,3500
2012-09-25,442.880005,453.119995,409.600006,430.079987,430.079987,4600
2012-09-26,430.079987,435.200012,409.600006,424.959991,424.959991,2500
2012-09-27,430.079987,435.200012,414.72000099999997,417.27999900000003,417.27999900000003,1700
2012-09-28,417.27999900000003,427.51998899999995,412.160004,414.72000099999997,414.72000099999997,1700
2012-10-01,414.72000099999997,442.880005,414.72000099999997,440.32000700000003,440.32000700000003,2100
2012-10-02,460.799988,496.64001500000006,455.67999299999997,468.48001100000005,468.48001100000005,16200
2012-10-03,473.60000599999995,478.72000099999997,455.67999299999997,458.23999000000003,458.23999000000003,8300
2012-10-04,460.799988,471.040009,458.23999000000003,465.920013,465.920013,5100
2012-10-05,483.839996,529.919983,468.48001100000005,529.919983,529.919983,16100
2012-10-08,537.599976,599.039978,535.039978,591.3599849999999,591.3599849999999,20000
2012-10-09,599.039978,609.280029,532.47998,550.400024,550.400024,14400
2012-10-10,560.6400150000001,578.5599980000001,529.919983,547.840027,547.840027,8600
2012-10-11,563.200012,573.4400019999999,547.840027,563.200012,563.200012,4400
2012-10-12,573.4400019999999,573.4400019999999,522.23999,535.039978,535.039978,7000
2012-10-15,471.040009,486.39999400000005,419.839996,435.200012,435.200012,25400
2012-10-16,448.0,450.55999800000006,422.39999400000005,440.32000700000003,440.32000700000003,8600
2012-10-17,442.880005,445.44000199999994,422.39999400000005,422.39999400000005,422.39999400000005,7100
2012-10-18,437.76000999999997,442.880005,424.959991,437.76000999999997,437.76000999999997,5900
2012-10-19,437.76000999999997,440.32000700000003,419.839996,427.51998899999995,427.51998899999995,4200
2012-10-22,435.200012,445.44000199999994,430.079987,432.64001500000006,432.64001500000006,4800
2012-10-23,430.079987,437.76000999999997,417.27999900000003,419.839996,419.839996,4100
2012-10-24,424.959991,430.079987,417.27999900000003,417.27999900000003,417.27999900000003,2800
2012-10-25,424.959991,435.200012,422.39999400000005,435.200012,435.200012,1800
2012-10-26,435.200012,435.200012,424.959991,427.51998899999995,427.51998899999995,1400
2012-10-31,432.64001500000006,432.64001500000006,424.959991,430.079987,430.079987,1500
2012-11-01,430.079987,432.64001500000006,424.959991,430.079987,430.079987,1200
2012-11-02,432.64001500000006,432.64001500000006,419.839996,419.839996,419.839996,1700
2012-11-05,424.959991,430.079987,422.39999400000005,422.39999400000005,422.39999400000005,1400
2012-11-06,435.200012,437.76000999999997,427.51998899999995,430.079987,430.079987,3100
2012-11-07,435.200012,437.76000999999997,409.600006,412.160004,412.160004,3300
2012-11-08,412.160004,419.839996,363.519989,384.0,384.0,6800
2012-11-09,381.440002,384.0,371.200012,378.880005,378.880005,2200
2012-11-12,373.76001,381.440002,332.799988,332.799988,332.799988,6000
2012-11-13,332.799988,332.799988,302.079987,307.200012,307.200012,6800
2012-11-14,307.200012,309.76001,284.160004,284.160004,284.160004,5600
2012-11-15,284.160004,294.399994,258.559998,289.27999900000003,289.27999900000003,9000
2012-11-16,289.27999900000003,325.119995,289.27999900000003,322.559998,322.559998,5600
2012-11-19,335.359985,345.600006,325.119995,337.920013,337.920013,3500
2012-11-20,332.799988,335.359985,309.76001,312.320007,312.320007,2000
2012-11-21,312.320007,330.23999,302.079987,320.0,320.0,2400
2012-11-23,322.559998,350.72000099999997,322.559998,345.600006,345.600006,1500
2012-11-26,348.160004,358.399994,335.359985,350.72000099999997,350.72000099999997,3100
2012-11-27,353.27999900000003,358.399994,343.040009,343.040009,343.040009,2100
2012-11-28,343.040009,373.76001,343.040009,360.959991,360.959991,2100
2012-11-29,366.079987,409.600006,360.959991,404.480011,404.480011,3200
2012-11-30,409.600006,427.51998899999995,401.920013,412.160004,412.160004,5100
2012-12-03,427.51998899999995,427.51998899999995,358.399994,373.76001,373.76001,2800
2012-12-04,386.559998,386.559998,366.079987,371.200012,371.200012,1500
2012-12-05,381.440002,381.440002,350.72000099999997,373.76001,373.76001,2200
2012-12-06,345.600006,368.640015,332.799988,366.079987,366.079987,3200
2012-12-07,363.519989,373.76001,345.600006,355.839996,355.839996,1500
2012-12-10,355.839996,355.839996,312.320007,330.23999,330.23999,5200
2012-12-11,320.0,335.359985,320.0,327.679993,327.679993,1700
2012-12-12,325.119995,332.799988,307.200012,314.880005,314.880005,4600
2012-12-13,312.320007,320.0,312.320007,317.440002,317.440002,1100
2012-12-14,314.880005,332.799988,312.320007,314.880005,314.880005,2900
2012-12-17,312.320007,327.679993,307.200012,320.0,320.0,1700
2012-12-18,320.0,330.23999,312.320007,320.0,320.0,3800
2012-12-19,322.559998,330.23999,314.880005,317.440002,317.440002,3500
2012-12-20,322.559998,322.559998,309.76001,314.880005,314.880005,2500
2012-12-21,314.880005,314.880005,296.959991,307.200012,307.200012,3900
2012-12-24,312.320007,325.119995,307.200012,325.119995,325.119995,2000
2012-12-26,327.679993,327.679993,307.200012,314.880005,314.880005,2000
2012-12-27,307.200012,317.440002,307.200012,312.320007,312.320007,3000
2012-12-28,320.0,320.0,309.76001,314.880005,314.880005,3300
2012-12-31,314.880005,317.440002,307.200012,314.880005,314.880005,3000
2013-01-02,317.440002,355.839996,317.440002,350.72000099999997,350.72000099999997,6200
2013-01-03,353.27999900000003,355.839996,327.679993,332.799988,332.799988,3800
2013-01-04,332.799988,340.480011,327.679993,337.920013,337.920013,2500
2013-01-07,340.480011,348.160004,335.359985,335.359985,335.359985,2900
2013-01-08,337.920013,345.600006,330.23999,337.920013,337.920013,3700
2013-01-09,340.480011,373.76001,337.920013,363.519989,363.519989,10100
2013-01-10,358.399994,366.079987,353.27999900000003,358.399994,358.399994,2800
2013-01-11,360.959991,368.640015,353.27999900000003,358.399994,358.399994,3700
2013-01-14,358.399994,366.079987,353.27999900000003,363.519989,363.519989,4000
2013-01-15,366.079987,396.799988,358.399994,384.0,384.0,17700
2013-01-16,401.920013,419.839996,384.0,386.559998,386.559998,18800
2013-01-17,391.679993,396.799988,368.640015,371.200012,371.200012,8000
2013-01-18,373.76001,378.880005,358.399994,363.519989,363.519989,5800
2013-01-22,373.76001,373.76001,360.959991,368.640015,368.640015,4000
2013-01-23,371.200012,376.320007,358.399994,368.640015,368.640015,5300
2013-01-24,381.440002,386.559998,363.519989,368.640015,368.640015,9400
2013-01-25,371.200012,378.880005,363.519989,371.200012,371.200012,4300
2013-01-28,371.200012,378.880005,366.079987,368.640015,368.640015,3300
2013-01-29,366.079987,373.76001,363.519989,371.200012,371.200012,3000
2013-01-30,371.200012,373.76001,366.079987,366.079987,366.079987,3000
2013-01-31,394.23999,396.799988,378.880005,386.559998,386.559998,12100
2013-02-01,396.799988,396.799988,381.440002,386.559998,386.559998,4800
2013-02-04,396.799988,424.959991,386.559998,417.27999900000003,417.27999900000003,29400
2013-02-05,427.51998899999995,430.079987,409.600006,422.39999400000005,422.39999400000005,24200
2013-02-06,409.600006,414.72000099999997,401.920013,409.600006,409.600006,7800
2013-02-07,409.600006,414.72000099999997,399.359985,401.920013,401.920013,5800
2013-02-08,401.920013,407.040009,384.0,386.559998,386.559998,8100
2013-02-11,389.119995,391.679993,373.76001,389.119995,389.119995,4900
2013-02-12,384.0,389.119995,378.880005,386.559998,386.559998,5700
2013-02-13,384.0,407.040009,378.880005,396.799988,396.799988,11300
2013-02-14,389.119995,404.480011,389.119995,401.920013,401.920013,4600
2013-02-15,401.920013,409.600006,396.799988,404.480011,404.480011,5400
2013-02-19,409.600006,409.600006,394.23999,404.480011,404.480011,6500
2013-02-20,404.480011,404.480011,389.119995,389.119995,389.119995,4400
2013-02-21,391.679993,394.23999,373.76001,381.440002,381.440002,6000
2013-02-22,389.119995,391.679993,373.76001,376.320007,376.320007,4300
2013-02-25,381.440002,384.0,376.320007,376.320007,376.320007,3800
2013-02-26,386.559998,389.119995,373.76001,376.320007,376.320007,3200
2013-02-27,386.559998,389.119995,373.76001,384.0,384.0,8400
2013-02-28,386.559998,396.799988,378.880005,396.799988,396.799988,6700
2013-03-01,399.359985,417.27999900000003,391.679993,417.27999900000003,417.27999900000003,9300
2013-03-04,427.51998899999995,471.040009,419.839996,453.119995,453.119995,26000
2013-03-05,453.119995,468.48001100000005,427.51998899999995,432.64001500000006,432.64001500000006,11200
2013-03-06,435.200012,460.799988,417.27999900000003,460.799988,460.799988,8400
2013-03-07,465.920013,499.200012,465.920013,481.27999900000003,481.27999900000003,14300
2013-03-08,486.39999400000005,512.0,471.040009,501.76000999999997,501.76000999999997,19900
2013-03-11,514.5599980000001,560.6400150000001,514.5599980000001,545.280029,545.280029,26200
2013-03-12,552.960022,558.080017,476.160004,488.959991,488.959991,25000
2013-03-13,496.64001500000006,506.880005,468.48001100000005,491.51998899999995,491.51998899999995,8900
2013-03-14,450.55999800000006,476.160004,442.880005,450.55999800000006,450.55999800000006,17700
2013-03-15,448.0,448.0,414.72000099999997,424.959991,424.959991,24700
2013-03-18,442.880005,445.44000199999994,424.959991,437.76000999999997,437.76000999999997,11700
2013-03-19,440.32000700000003,440.32000700000003,417.27999900000003,427.51998899999995,427.51998899999995,15600
2013-03-20,432.64001500000006,440.32000700000003,417.27999900000003,437.76000999999997,437.76000999999997,12400
2013-03-21,445.44000199999994,463.35998499999994,442.880005,448.0,448.0,10600
2013-03-22,448.0,450.55999800000006,430.079987,432.64001500000006,432.64001500000006,5600
2013-03-25,440.32000700000003,442.880005,430.079987,437.76000999999997,437.76000999999997,6400
2013-03-26,435.200012,442.880005,430.079987,430.079987,430.079987,9600
2013-03-27,430.079987,440.32000700000003,424.959991,430.079987,430.079987,11100
2013-03-28,432.64001500000006,460.799988,422.39999400000005,460.799988,460.799988,12400
2013-04-01,460.799988,486.39999400000005,450.55999800000006,486.39999400000005,486.39999400000005,9300
2013-04-02,488.959991,494.079987,476.160004,488.959991,488.959991,7300
2013-04-03,488.959991,488.959991,448.0,460.799988,460.799988,16700
2013-04-04,453.119995,463.35998499999994,448.0,453.119995,453.119995,7400
2013-04-05,448.0,458.23999000000003,424.959991,453.119995,453.119995,7000
2013-04-08,430.079987,440.32000700000003,422.39999400000005,422.39999400000005,422.39999400000005,18400
2013-04-09,409.600006,409.600006,371.200012,389.119995,389.119995,28700
2013-04-10,396.799988,407.040009,386.559998,396.799988,396.799988,6400
2013-04-11,401.920013,407.040009,360.959991,381.440002,381.440002,12000
2013-04-12,378.880005,394.23999,373.76001,389.119995,389.119995,6500
2013-04-15,391.679993,394.23999,366.079987,368.640015,368.640015,10700
2013-04-16,376.320007,389.119995,360.959991,373.76001,373.76001,9100
2013-04-17,368.640015,376.320007,335.359985,358.399994,358.399994,11300
2013-04-18,350.72000099999997,366.079987,345.600006,360.959991,360.959991,5900
2013-04-19,366.079987,366.079987,353.27999900000003,360.959991,360.959991,4300
2013-04-22,371.200012,396.799988,363.519989,394.23999,394.23999,10500
2013-04-23,399.359985,414.72000099999997,399.359985,409.600006,409.600006,8700
2013-04-24,414.72000099999997,419.839996,384.0,386.559998,386.559998,7900
2013-04-25,399.359985,399.359985,384.0,386.559998,386.559998,5900
2013-04-26,386.559998,386.559998,371.200012,381.440002,381.440002,6200
2013-04-29,386.559998,391.679993,350.72000099999997,355.839996,355.839996,15700
2013-04-30,307.200012,314.880005,197.119995,212.479996,212.479996,77200
2013-05-01,199.679993,204.800003,192.0,194.559998,194.559998,24100
2013-05-02,192.0,215.039993,192.0,202.240005,202.240005,19200
2013-05-03,102.400002,128.0,97.279999,117.760002,117.760002,60700
2013-05-06,117.760002,125.440002,110.08000200000001,115.199997,115.199997,13000
2013-05-07,115.199997,128.0,112.639999,122.879997,122.879997,13900
2013-05-08,122.879997,125.440002,120.32,125.440002,125.440002,10500
2013-05-09,120.32,120.32,107.519997,110.08000200000001,110.08000200000001,15600
2013-05-10,107.519997,110.08000200000001,104.959999,104.959999,104.959999,9000
2013-05-13,104.959999,115.199997,104.959999,104.959999,104.959999,8800
2013-05-14,107.519997,110.08000200000001,102.400002,107.519997,107.519997,5000
2013-05-15,107.519997,107.519997,102.400002,102.400002,102.400002,6000
2013-05-16,102.400002,104.959999,102.400002,102.400002,102.400002,3900
2013-05-17,104.959999,107.519997,99.839996,104.959999,104.959999,6000
2013-05-20,107.519997,115.199997,104.959999,112.639999,112.639999,7000
2013-05-21,115.199997,115.199997,104.959999,112.639999,112.639999,4300
2013-05-22,112.639999,115.199997,104.959999,107.519997,107.519997,3800
2013-05-23,104.959999,110.08000200000001,102.400002,110.08000200000001,110.08000200000001,3100
2013-05-24,104.959999,112.639999,104.959999,104.959999,104.959999,5800
2013-05-28,107.519997,107.519997,102.400002,102.400002,102.400002,4000
2013-05-29,102.400002,104.959999,102.400002,102.400002,102.400002,3700
2013-05-30,102.400002,115.199997,102.400002,110.08000200000001,110.08000200000001,13000
2013-05-31,112.639999,115.199997,107.519997,110.08000200000001,110.08000200000001,4500
2013-06-03,112.639999,112.639999,102.400002,104.959999,104.959999,4000
2013-06-04,102.400002,107.519997,99.839996,107.519997,107.519997,3400
2013-06-05,104.959999,107.519997,97.279999,97.279999,97.279999,4800
2013-06-06,102.400002,102.400002,97.279999,102.400002,102.400002,2200
2013-06-07,99.839996,99.839996,97.279999,97.279999,97.279999,1800
2013-06-10,99.839996,99.839996,97.279999,99.839996,99.839996,3400
2013-06-11,102.400002,120.32,97.279999,115.199997,115.199997,16600
2013-06-12,115.199997,128.0,104.959999,110.08000200000001,110.08000200000001,18300
2013-06-13,110.08000200000001,122.879997,104.959999,120.32,120.32,8500
2013-06-14,120.32,138.240005,115.199997,138.240005,138.240005,21600
2013-06-17,140.800003,158.720001,122.879997,125.440002,125.440002,27700
2013-06-18,128.0,133.119995,115.199997,115.199997,115.199997,11900
2013-06-19,120.32,128.0,115.199997,120.32,120.32,4900
2013-06-20,117.760002,122.879997,115.199997,120.32,120.32,5000
2013-06-21,120.32,122.879997,107.519997,112.639999,112.639999,8000
2013-06-24,107.519997,110.08000200000001,102.400002,104.959999,104.959999,7200
2013-06-25,110.08000200000001,110.08000200000001,102.400002,102.400002,102.400002,2900
2013-06-26,110.08000200000001,110.08000200000001,99.839996,102.400002,102.400002,3700
2013-06-27,104.959999,104.959999,102.400002,104.959999,104.959999,1400
2013-06-28,104.959999,104.959999,94.720001,94.720001,94.720001,3200
2013-07-01,99.839996,102.400002,97.279999,102.400002,102.400002,3000
2013-07-02,102.400002,104.959999,99.839996,99.839996,99.839996,1900
2013-07-03,102.400002,102.400002,97.279999,97.279999,97.279999,1600
2013-07-05,102.400002,102.400002,97.279999,99.839996,99.839996,2000
2013-07-08,99.839996,102.400002,99.839996,99.839996,99.839996,1800
2013-07-09,97.279999,99.839996,97.279999,97.279999,97.279999,3800
2013-07-10,97.279999,97.279999,92.160004,94.720001,94.720001,3300
2013-07-11,97.279999,102.400002,89.599998,97.279999,97.279999,9000
2013-07-12,104.959999,104.959999,94.720001,97.279999,97.279999,2700
2013-07-15,99.839996,99.839996,97.279999,97.279999,97.279999,900
2013-07-16,97.279999,99.839996,94.720001,97.279999,97.279999,1400
2013-07-17,97.279999,97.279999,92.160004,97.279999,97.279999,2800
2013-07-18,97.279999,99.839996,94.720001,99.839996,99.839996,1200
2013-07-19,94.720001,99.839996,92.160004,97.279999,97.279999,5400
2013-07-22,94.720001,112.639999,94.720001,104.959999,104.959999,14800
2013-07-23,107.519997,115.199997,99.839996,110.08000200000001,110.08000200000001,13000
2013-07-24,110.08000200000001,110.08000200000001,99.839996,102.400002,102.400002,5600
2013-07-25,104.959999,104.959999,99.839996,99.839996,99.839996,3000
2013-07-26,99.839996,99.839996,94.720001,99.839996,99.839996,4300
2013-07-29,99.839996,102.400002,97.279999,99.839996,99.839996,2200
2013-07-30,102.400002,102.400002,97.279999,102.400002,102.400002,3600
2013-07-31,102.400002,102.400002,99.839996,99.839996,99.839996,2300
2013-08-01,99.839996,104.959999,99.839996,102.400002,102.400002,4000
2013-08-02,102.400002,104.959999,99.839996,102.400002,102.400002,2100
2013-08-05,104.959999,104.959999,99.839996,102.400002,102.400002,4100
2013-08-06,102.400002,102.400002,94.720001,99.839996,99.839996,3700
2013-08-07,97.279999,97.279999,89.599998,94.720001,94.720001,8900
2013-08-08,97.279999,97.279999,89.599998,97.279999,97.279999,3700
2013-08-09,99.839996,99.839996,92.160004,94.720001,94.720001,3000
2013-08-12,97.279999,97.279999,89.599998,94.720001,94.720001,5100
2013-08-13,94.720001,94.720001,89.599998,92.160004,92.160004,2300
2013-08-14,92.160004,92.160004,81.91999799999999,89.599998,89.599998,5600
2013-08-15,81.91999799999999,92.160004,81.91999799999999,89.599998,89.599998,2700
2013-08-16,89.599998,89.599998,84.480003,84.480003,84.480003,3000
2013-08-19,81.91999799999999,87.040001,76.800003,79.360001,79.360001,6600
2013-08-20,81.91999799999999,87.040001,76.800003,87.040001,87.040001,4100
2013-08-21,89.599998,89.599998,84.480003,87.040001,87.040001,1500
2013-08-22,87.040001,87.040001,81.91999799999999,84.480003,84.480003,1900
2013-08-23,84.480003,87.040001,81.91999799999999,87.040001,87.040001,1300
2013-08-26,87.040001,87.040001,81.91999799999999,84.480003,84.480003,2100
2013-08-27,84.480003,84.480003,79.360001,81.91999799999999,81.91999799999999,2000
2013-08-28,79.360001,81.91999799999999,79.360001,79.360001,79.360001,1300
2013-08-29,81.91999799999999,87.040001,81.91999799999999,87.040001,87.040001,1700
2013-08-30,84.480003,115.199997,84.480003,104.959999,104.959999,30600
2013-09-03,104.959999,110.08000200000001,102.400002,104.959999,104.959999,10500
2013-09-04,107.519997,107.519997,97.279999,102.400002,102.400002,4700
2013-09-05,94.720001,104.959999,94.720001,99.839996,99.839996,3200
2013-09-06,102.400002,102.400002,94.720001,102.400002,102.400002,4300
2013-09-09,102.400002,107.519997,102.400002,104.959999,104.959999,6800
2013-09-10,104.959999,104.959999,97.279999,99.839996,99.839996,5700
2013-09-11,97.279999,97.279999,89.599998,94.720001,94.720001,6000
2013-09-12,92.160004,102.400002,92.160004,94.720001,94.720001,6900
2013-09-13,87.040001,92.160004,81.91999799999999,87.040001,87.040001,12700
2013-09-16,92.160004,94.720001,84.480003,84.480003,84.480003,4800
2013-09-17,84.480003,87.040001,81.91999799999999,81.91999799999999,81.91999799999999,4600
2013-09-18,81.91999799999999,84.480003,79.360001,79.360001,79.360001,3200
2013-09-19,81.91999799999999,81.91999799999999,79.360001,81.91999799999999,81.91999799999999,2900
2013-09-20,81.91999799999999,81.91999799999999,79.360001,81.91999799999999,81.91999799999999,4600
2013-09-23,81.91999799999999,81.91999799999999,76.800003,79.360001,79.360001,4500
2013-09-24,76.800003,79.360001,74.239998,76.800003,76.800003,4000
2013-09-25,79.360001,81.91999799999999,74.239998,76.800003,76.800003,4800
2013-09-26,81.91999799999999,81.91999799999999,76.800003,79.360001,79.360001,3500
2013-09-27,79.360001,79.360001,76.800003,76.800003,76.800003,3500
2013-09-30,89.599998,92.160004,79.360001,84.480003,84.480003,20500
2013-10-01,87.040001,87.040001,79.360001,79.360001,79.360001,12400
2013-10-02,107.519997,168.96000700000002,102.400002,151.03999299999998,151.03999299999998,195000
2013-10-03,148.479996,148.479996,122.879997,133.119995,133.119995,52100
2013-10-04,115.199997,153.600006,110.08000200000001,130.559998,130.559998,45800
2013-10-07,133.119995,145.919998,120.32,125.440002,125.440002,16400
2013-10-08,125.440002,125.440002,110.08000200000001,112.639999,112.639999,18100
2013-10-09,117.760002,117.760002,102.400002,102.400002,102.400002,12000
2013-10-10,107.519997,115.199997,104.959999,112.639999,112.639999,6300
2013-10-11,112.639999,117.760002,107.519997,110.08000200000001,110.08000200000001,3700
2013-10-14,107.519997,117.760002,107.519997,117.760002,117.760002,5900
2013-10-15,117.760002,117.760002,102.400002,107.519997,107.519997,8800
2013-10-16,107.519997,110.08000200000001,99.839996,104.959999,104.959999,5700
2013-10-17,104.959999,115.199997,102.400002,115.199997,115.199997,7800
2013-10-18,115.199997,115.199997,110.08000200000001,112.639999,112.639999,3300
2013-10-21,115.199997,120.32,107.519997,115.199997,115.199997,4900
2013-10-22,110.08000200000001,112.639999,107.519997,107.519997,107.519997,2600
2013-10-23,87.040001,87.040001,81.91999799999999,81.91999799999999,81.91999799999999,35100
2013-10-24,84.480003,84.480003,79.360001,84.480003,84.480003,14500
2013-10-25,81.91999799999999,84.480003,79.360001,81.91999799999999,81.91999799999999,4700
2013-10-28,87.040001,87.040001,79.360001,79.360001,79.360001,4800
2013-10-29,81.91999799999999,81.91999799999999,79.360001,79.360001,79.360001,6200
2013-10-30,81.91999799999999,81.91999799999999,76.800003,79.360001,79.360001,5100
2013-10-31,79.360001,84.480003,76.800003,84.480003,84.480003,4100
2013-11-01,81.91999799999999,84.480003,79.360001,79.360001,79.360001,2100
2013-11-04,79.360001,84.480003,79.360001,84.480003,84.480003,2900
2013-11-05,81.91999799999999,84.480003,79.360001,84.480003,84.480003,3000
2013-11-06,81.91999799999999,84.480003,81.91999799999999,84.480003,84.480003,2600
2013-11-07,84.480003,84.480003,76.800003,84.480003,84.480003,4600
2013-11-08,81.91999799999999,81.91999799999999,76.800003,76.800003,76.800003,7000
2013-11-11,76.800003,81.91999799999999,76.800003,76.800003,76.800003,2700
2013-11-12,79.360001,81.91999799999999,76.800003,76.800003,76.800003,2800
2013-11-13,79.360001,79.360001,76.800003,76.800003,76.800003,5200
2013-11-14,79.360001,79.360001,76.800003,76.800003,76.800003,5400
2013-11-15,76.800003,79.360001,76.800003,76.800003,76.800003,2400
2013-11-18,76.800003,84.480003,76.800003,79.360001,79.360001,3700
2013-11-19,84.480003,87.040001,81.91999799999999,84.480003,84.480003,4600
2013-11-20,84.480003,84.480003,81.91999799999999,81.91999799999999,81.91999799999999,2000
2013-11-21,81.91999799999999,84.480003,76.800003,81.91999799999999,81.91999799999999,2600
2013-11-22,81.91999799999999,81.91999799999999,79.360001,81.91999799999999,81.91999799999999,1500
2013-11-25,81.91999799999999,81.91999799999999,76.800003,76.800003,76.800003,2700
2013-11-26,79.360001,79.360001,76.800003,79.360001,79.360001,1800
2013-11-27,81.91999799999999,81.91999799999999,79.360001,79.360001,79.360001,2400
2013-11-29,81.91999799999999,81.91999799999999,79.360001,81.91999799999999,81.91999799999999,1000
2013-12-02,81.91999799999999,81.91999799999999,76.800003,79.360001,79.360001,5400
2013-12-03,79.360001,79.360001,74.239998,74.239998,74.239998,7200
2013-12-04,79.360001,79.360001,74.239998,76.800003,76.800003,5300
2013-12-05,74.239998,76.800003,69.120003,71.68,71.68,15600
2013-12-06,71.68,71.68,64.0,66.559998,66.559998,14700
2013-12-09,69.120003,69.120003,61.439999,66.559998,66.559998,8700
2013-12-10,64.0,66.559998,61.439999,61.439999,61.439999,6200
2013-12-11,66.559998,69.120003,64.0,64.0,64.0,12700
2013-12-12,66.559998,66.559998,61.439999,64.0,64.0,4600
2013-12-13,61.439999,61.439999,56.32,58.880001,58.880001,11200
2013-12-16,58.880001,64.0,56.32,58.880001,58.880001,16500
2013-12-17,61.439999,64.0,58.880001,64.0,64.0,15100
2013-12-18,64.0,64.0,58.880001,61.439999,61.439999,14700
2013-12-19,61.439999,64.0,58.880001,61.439999,61.439999,11000
2013-12-20,61.439999,69.120003,61.439999,69.120003,69.120003,13500
2013-12-23,64.0,66.559998,64.0,64.0,64.0,6600
2013-12-24,64.0,64.0,61.439999,61.439999,61.439999,5600
2013-12-26,61.439999,64.0,61.439999,64.0,64.0,8100
2013-12-27,61.439999,69.120003,61.439999,64.0,64.0,14100
2013-12-30,66.559998,71.68,64.0,69.120003,69.120003,18100
2013-12-31,66.559998,69.120003,64.0,66.559998,66.559998,13200
2014-01-02,66.559998,69.120003,66.559998,69.120003,69.120003,13300
2014-01-03,69.120003,69.120003,66.559998,66.559998,66.559998,10900
2014-01-06,69.120003,69.120003,66.559998,69.120003,69.120003,13300
2014-01-07,69.120003,71.68,66.559998,71.68,71.68,11900
2014-01-08,71.68,74.239998,69.120003,71.68,71.68,16700
2014-01-09,71.68,81.91999799999999,71.68,79.360001,79.360001,65500
2014-01-10,87.040001,89.599998,74.239998,74.239998,74.239998,61900
2014-01-13,76.800003,81.91999799999999,74.239998,79.360001,79.360001,33800
2014-01-14,81.91999799999999,89.599998,76.800003,76.800003,76.800003,47200
2014-01-15,79.360001,81.91999799999999,74.239998,76.800003,76.800003,17500
2014-01-16,76.800003,99.839996,74.239998,99.839996,99.839996,108400
2014-01-17,92.160004,97.279999,84.480003,92.160004,92.160004,50800
2014-01-21,92.160004,97.279999,89.599998,97.279999,97.279999,26300
2014-01-22,97.279999,97.279999,87.040001,89.599998,89.599998,24100
2014-01-23,92.160004,94.720001,81.91999799999999,94.720001,94.720001,21400
2014-01-24,92.160004,94.720001,87.040001,87.040001,87.040001,9800
2014-01-27,89.599998,89.599998,74.239998,79.360001,79.360001,20800
2014-01-28,81.91999799999999,87.040001,79.360001,84.480003,84.480003,8600
2014-01-29,89.599998,97.279999,89.599998,92.160004,92.160004,44300
2014-01-30,87.040001,92.160004,84.480003,87.040001,87.040001,11800
2014-01-31,84.480003,89.599998,79.360001,79.360001,79.360001,16800
2014-02-03,79.360001,81.91999799999999,79.360001,81.91999799999999,81.91999799999999,7900
2014-02-04,81.91999799999999,81.91999799999999,76.800003,76.800003,76.800003,7400
2014-02-05,76.800003,79.360001,74.239998,74.239998,74.239998,7700
2014-02-06,76.800003,79.360001,74.239998,76.800003,76.800003,6200
2014-02-07,79.360001,84.480003,76.800003,81.91999799999999,81.91999799999999,14300
2014-02-10,84.480003,84.480003,79.360001,79.360001,79.360001,6300
2014-02-11,79.360001,81.91999799999999,79.360001,79.360001,79.360001,4500
2014-02-12,79.360001,81.91999799999999,79.360001,79.360001,79.360001,4700
2014-02-13,79.360001,84.480003,76.800003,84.480003,84.480003,13800
2014-02-14,84.480003,84.480003,79.360001,81.91999799999999,81.91999799999999,5800
2014-02-18,81.91999799999999,89.599998,81.91999799999999,84.480003,84.480003,16000
2014-02-19,87.040001,87.040001,81.91999799999999,84.480003,84.480003,6800
2014-02-20,81.91999799999999,84.480003,79.360001,79.360001,79.360001,5500
2014-02-21,81.91999799999999,81.91999799999999,79.360001,79.360001,79.360001,6000
2014-02-24,79.360001,81.91999799999999,76.800003,81.91999799999999,81.91999799999999,9600
2014-02-25,81.91999799999999,84.480003,79.360001,81.91999799999999,81.91999799999999,8200
2014-02-26,81.91999799999999,81.91999799999999,76.800003,79.360001,79.360001,7800
2014-02-27,81.91999799999999,81.91999799999999,76.800003,76.800003,76.800003,6800
2014-02-28,79.360001,79.360001,76.800003,79.360001,79.360001,7400
2014-03-03,79.360001,79.360001,76.800003,79.360001,79.360001,5700
2014-03-04,76.800003,79.360001,76.800003,79.360001,79.360001,8600
2014-03-05,79.360001,79.360001,79.360001,79.360001,79.360001,4900
2014-03-06,79.360001,81.91999799999999,79.360001,81.91999799999999,81.91999799999999,10600
2014-03-07,81.91999799999999,87.040001,79.360001,84.480003,84.480003,23300
2014-03-10,87.040001,89.599998,84.480003,89.599998,89.599998,20200
2014-03-11,89.599998,92.160004,79.360001,81.91999799999999,81.91999799999999,24300
2014-03-12,81.91999799999999,87.040001,79.360001,87.040001,87.040001,16600
2014-03-13,87.040001,87.040001,76.800003,79.360001,79.360001,25300
2014-03-14,84.480003,87.040001,76.800003,79.360001,79.360001,10900
2014-03-17,79.360001,81.91999799999999,79.360001,79.360001,79.360001,6300
2014-03-18,79.360001,79.360001,76.800003,76.800003,76.800003,9100
2014-03-19,76.800003,92.160004,76.800003,89.599998,89.599998,61400
2014-03-20,99.839996,107.519997,87.040001,89.599998,89.599998,77400
2014-03-21,79.360001,81.91999799999999,76.800003,81.91999799999999,81.91999799999999,36200
2014-03-24,84.480003,84.480003,76.800003,81.91999799999999,81.91999799999999,11000
2014-03-25,84.480003,84.480003,79.360001,79.360001,79.360001,8000
2014-03-26,81.91999799999999,81.91999799999999,79.360001,79.360001,79.360001,7900
2014-03-27,79.360001,79.360001,76.800003,76.800003,76.800003,14800
2014-03-28,79.360001,79.360001,74.239998,74.239998,74.239998,11700
2014-03-31,74.239998,74.239998,71.68,71.68,71.68,11300
2014-04-01,69.120003,79.360001,69.120003,79.360001,79.360001,9500
2014-04-02,79.360001,79.360001,74.239998,76.800003,76.800003,5500
2014-04-03,76.800003,79.360001,74.239998,74.239998,74.239998,6300
2014-04-04,76.800003,79.360001,74.239998,74.239998,74.239998,4300
2014-04-07,76.800003,76.800003,74.239998,74.239998,74.239998,5800
2014-04-08,74.239998,79.360001,71.68,74.239998,74.239998,300
2014-04-09,64.959999,65.599998,56.48,59.68,59.68,74200
2014-04-10,59.68,71.839996,59.040001000000004,71.68,71.68,59000
2014-04-11,70.08000200000001,70.239998,62.240002000000004,63.360001000000004,63.360001000000004,27800
2014-04-14,66.559998,70.08000200000001,63.040001000000004,63.52,63.52,13800
2014-04-15,63.040001000000004,63.200001,56.48,60.639998999999996,60.639998999999996,31400
2014-04-16,60.959998999999996,64.32,59.040001000000004,61.759997999999996,61.759997999999996,16900
2014-04-17,61.599998,63.84,58.720001,59.84,59.84,18200
2014-04-21,60.32,60.48,58.240002000000004,60.16,60.16,7000
2014-04-22,60.959998999999996,65.599998,60.32,63.52,63.52,31800
2014-04-23,63.360001000000004,63.360001000000004,60.0,61.279999,61.279999,12700
2014-04-24,60.32,63.52,59.68,61.759997999999996,61.759997999999996,21500
2014-04-25,61.119999,61.439999,58.240002000000004,58.400002,58.400002,24700
2014-04-28,59.200001,59.84,55.200001,58.720001,58.720001,10300
2014-04-29,59.040001000000004,60.0,57.599998,59.200001,59.200001,6200
2014-04-30,59.200001,59.200001,56.32,57.279999,57.279999,10000
2014-05-01,57.119999,59.040001000000004,57.119999,57.279999,57.279999,4100
2014-05-02,57.279999,58.880001,57.279999,57.919998,57.919998,9700
2014-05-05,57.599998,58.400002,54.880001,54.880001,54.880001,33800
2014-05-06,55.84,55.84,51.040001000000004,51.68,51.68,25100
2014-05-07,52.0,52.0,48.16,49.119999,49.119999,16800
2014-05-08,48.799999,51.84,48.799999,50.560001,50.560001,14600
2014-05-09,50.560001,51.68,48.48,48.639998999999996,48.639998999999996,9900
2014-05-12,49.599998,51.040001000000004,46.240002000000004,47.52,47.52,11000
2014-05-13,46.400002,47.200001,43.68,45.439999,45.439999,15700
2014-05-14,44.959998999999996,47.360001000000004,44.799999,46.400002,46.400002,4800
2014-05-15,46.080002,46.400002,44.16,44.959998999999996,44.959998999999996,7600
2014-05-16,44.799999,44.959998999999996,42.720001,43.52,43.52,7500
2014-05-19,42.720001,43.84,39.040001000000004,40.48,40.48,14600
2014-05-20,39.68,42.080002,39.68,40.959998999999996,40.959998999999996,7500
2014-05-21,40.799999,41.759997999999996,40.16,40.799999,40.799999,5900
2014-05-22,40.32,44.639998999999996,40.16,42.240002000000004,42.240002000000004,34800
2014-05-23,42.080002,43.360001000000004,41.599998,42.400002,42.400002,5700
2014-05-27,42.240002000000004,44.48,42.240002000000004,42.880001,42.880001,11200
2014-05-28,43.360001000000004,45.919998,41.759997999999996,44.639998999999996,44.639998999999996,35700
2014-05-29,44.799999,46.720001,43.84,44.48,44.48,9300
2014-05-30,44.0,44.959998999999996,43.040001000000004,43.200001,43.200001,4100
2014-06-02,43.040001000000004,43.200001,40.959998999999996,41.439999,41.439999,4700
2014-06-03,41.279999,41.439999,39.68,40.799999,40.799999,6800
2014-06-04,41.119999,41.279999,40.0,40.48,40.48,3000
2014-06-05,40.0,42.720001,39.52,42.240002000000004,42.240002000000004,4700
2014-06-06,42.880001,44.48,42.880001,43.040001000000004,43.040001000000004,3800
2014-06-09,43.52,43.84,41.919998,43.200001,43.200001,4800
2014-06-10,42.720001,44.48,42.720001,43.84,43.84,5000
2014-06-11,44.32,44.639998999999996,43.68,44.16,44.16,2700
2014-06-12,43.68,44.48,42.880001,43.360001000000004,43.360001000000004,3400
2014-06-13,43.200001,43.360001000000004,41.919998,43.040001000000004,43.040001000000004,2600
2014-06-16,42.560001,43.84,41.759997999999996,43.360001000000004,43.360001000000004,2300
2014-06-17,42.880001,45.279999,42.880001,44.639998999999996,44.639998999999996,3800
2014-06-18,44.0,45.439999,44.0,45.439999,45.439999,1900
2014-06-19,45.439999,46.240002000000004,44.16,44.48,44.48,3500
2014-06-20,44.16,46.080002,44.0,46.080002,46.080002,4900
2014-06-23,45.759997999999996,48.0,44.32,44.799999,44.799999,8100
2014-06-24,44.799999,46.720001,44.48,44.639998999999996,44.639998999999996,4500
2014-06-25,44.48,44.639998999999996,43.040001000000004,43.84,43.84,4400
2014-06-26,43.200001,43.68,43.200001,43.360001000000004,43.360001000000004,2200
2014-06-27,43.200001,44.0,41.599998,41.919998,41.919998,4100
2014-06-30,41.599998,43.040001000000004,41.279999,42.080002,42.080002,4000
2014-07-01,41.599998,43.040001000000004,41.599998,42.560001,42.560001,1300
2014-07-02,41.759997999999996,43.040001000000004,41.759997999999996,42.880001,42.880001,1900
2014-07-03,41.759997999999996,43.040001000000004,41.759997999999996,42.720001,42.720001,1200
2014-07-07,42.880001,44.0,40.959998999999996,41.599998,41.599998,4600
2014-07-08,40.959998999999996,41.599998,39.360001000000004,40.0,40.0,5600
2014-07-09,40.0,40.48,38.720001,39.52,39.52,4100
2014-07-10,38.560001,39.040001000000004,38.080002,38.880001,38.880001,4700
2014-07-11,38.880001,39.52,38.240002000000004,39.360001000000004,39.360001000000004,2700
2014-07-14,39.68,39.68,38.880001,39.360001000000004,39.360001000000004,1700
2014-07-15,38.720001,39.52,36.959998999999996,37.119999,37.119999,7900
2014-07-16,37.119999,37.119999,34.720001,35.040001000000004,35.040001000000004,13000
2014-07-17,34.880001,35.52,33.759997999999996,34.400002,34.400002,4100
2014-07-18,34.080002,35.52,33.919998,35.040001000000004,35.040001000000004,3400
2014-07-21,35.200001,35.52,34.880001,35.360001000000004,35.360001000000004,2000
2014-07-22,35.040001000000004,36.799999,35.040001000000004,36.32,36.32,17600
2014-07-23,36.799999,36.959998999999996,36.16,36.48,36.48,1700
2014-07-24,36.799999,39.040001000000004,36.32,36.639998999999996,36.639998999999996,2500
2014-07-25,36.48,36.959998999999996,35.360001000000004,35.68,35.68,3300
2014-07-28,35.200001,35.68,33.919998,34.080002,34.080002,6400
2014-07-29,33.759997999999996,34.720001,33.759997999999996,34.400002,34.400002,2500
2014-07-30,34.080002,34.560001,32.32,32.959998999999996,32.959998999999996,13100
2014-07-31,32.799999,32.959998999999996,31.200001,32.32,32.32,8900
2014-08-01,32.799999,32.799999,30.719998999999998,30.879998999999998,30.879998999999998,7100
2014-08-04,31.52,31.68,30.4,31.040001,31.040001,7900
2014-08-05,30.719998999999998,31.360001,30.719998999999998,31.040001,31.040001,2400
2014-08-06,30.4,34.240002000000004,30.4,32.959998999999996,32.959998999999996,11500
2014-08-07,32.959998999999996,32.959998999999996,30.879998999999998,32.0,32.0,3700
2014-08-08,31.68,32.32,30.4,31.360001,31.360001,3100
2014-08-11,30.879998999999998,31.84,30.4,31.360001,31.360001,1500
2014-08-12,30.719998999999998,32.959998999999996,30.719998999999998,32.16,32.16,2900
2014-08-13,32.799999,34.240002000000004,32.48,33.119999,33.119999,4000
2014-08-14,33.599998,33.599998,32.48,32.799999,32.799999,1400
2014-08-15,32.639998999999996,33.439999,32.16,33.279999,33.279999,1100
2014-08-18,32.799999,33.919998,32.32,32.959998999999996,32.959998999999996,2100
2014-08-19,32.639998999999996,33.919998,32.639998999999996,33.599998,33.599998,3600
2014-08-20,33.439999,33.759997999999996,32.799999,33.279999,33.279999,1800
2014-08-21,32.959998999999996,34.240002000000004,32.959998999999996,33.919998,33.919998,3800
2014-08-22,33.599998,38.080002,33.599998,36.639998999999996,36.639998999999996,25200
2014-08-25,36.48,37.919998,36.0,36.0,36.0,4100
2014-08-26,36.32,37.599998,35.84,37.279999,37.279999,4500
2014-08-27,37.599998,38.880001,36.32,38.240002000000004,38.240002000000004,15200
2014-08-28,37.599998,38.400002,37.119999,37.919998,37.919998,4000
2014-08-29,38.400002,38.560001,37.599998,38.400002,38.400002,3000
2014-09-02,38.880001,43.200001,38.240002000000004,41.119999,41.119999,12900
2014-09-03,41.599998,43.040001000000004,38.560001,38.880001,38.880001,8600
2014-09-04,39.200001,39.52,37.599998,37.759997999999996,37.759997999999996,1600
2014-09-05,37.919998,39.040001000000004,37.599998,38.720001,38.720001,3700
2014-09-08,38.240002000000004,42.560001,37.599998,38.080002,38.080002,8200
2014-09-09,38.880001,39.84,37.599998,38.720001,38.720001,6600
2014-09-10,39.200001,39.200001,38.240002000000004,38.560001,38.560001,700
2014-09-11,38.560001,38.880001,38.240002000000004,38.720001,38.720001,900
2014-09-12,39.040001000000004,41.279999,39.040001000000004,40.959998999999996,40.959998999999996,6500
2014-09-15,40.959998999999996,44.48,39.040001000000004,42.240002000000004,42.240002000000004,50600
2014-09-16,42.720001,42.720001,40.32,41.279999,41.279999,5600
2014-09-17,40.959998999999996,40.959998999999996,38.400002,39.68,39.68,10900
2014-09-18,39.84,39.84,36.32,36.639998999999996,36.639998999999996,6300
2014-09-19,36.799999,36.799999,33.279999,34.880001,34.880001,10000
2014-09-22,34.720001,34.720001,32.799999,32.959998999999996,32.959998999999996,4100
2014-09-23,32.959998999999996,33.919998,32.639998999999996,33.759997999999996,33.759997999999996,3000
2014-09-24,33.599998,34.080002,32.959998999999996,33.279999,33.279999,1600
2014-09-25,33.119999,33.599998,32.959998999999996,33.119999,33.119999,3100
2014-09-26,32.959998999999996,33.279999,32.799999,32.959998999999996,32.959998999999996,1700
2014-09-29,32.48,33.119999,31.360001,32.0,32.0,5100
2014-09-30,31.68,32.48,31.52,31.68,31.68,1700
2014-10-01,31.68,31.68,30.4,30.879998999999998,30.879998999999998,4200
2014-10-02,32.48,32.48,30.4,31.040001,31.040001,4800
2014-10-03,30.719998999999998,31.84,30.719998999999998,31.360001,31.360001,1300
2014-10-06,31.360001,31.52,30.879998999999998,31.200001,31.200001,2200
2014-10-07,31.200001,31.68,30.879998999999998,31.200001,31.200001,1100
2014-10-08,30.719998999999998,31.52,30.4,30.879998999999998,30.879998999999998,6000
2014-10-09,30.559998999999998,30.559998999999998,30.4,30.4,30.4,1300
2014-10-10,30.4,31.360001,30.4,30.559998999999998,30.559998999999998,3900
2014-10-13,29.6,30.4,27.52,28.32,28.32,5600
2014-10-14,28.16,29.120001000000002,28.0,28.0,28.0,2400
2014-10-15,27.84,28.16,27.360001,28.0,28.0,1800
2014-10-16,27.360001,28.48,27.200001,27.84,27.84,3600
2014-10-17,27.84,28.32,27.84,27.84,27.84,1400
2014-10-20,27.52,28.32,27.52,28.16,28.16,700
2014-10-21,28.0,28.16,27.360001,28.0,28.0,3400
2014-10-22,28.959999,28.959999,27.200001,27.360001,27.360001,1900
2014-10-23,27.360001,28.0,27.360001,28.0,28.0,1600
2014-10-24,27.68,28.0,27.68,27.84,27.84,500
2014-10-27,28.0,28.0,27.52,27.52,27.52,1700
2014-10-28,27.68,29.92,27.68,28.16,28.16,35600
2014-10-29,28.0,28.32,27.200001,27.52,27.52,7800
2014-10-30,27.360001,28.0,27.360001,27.84,27.84,2300
2014-10-31,28.0,28.0,24.959999,26.559998999999998,26.559998999999998,7300
2014-11-03,26.08,26.719998999999998,25.6,25.6,25.6,3000
2014-11-04,25.92,26.4,24.48,25.440001000000002,25.440001000000002,2900
2014-11-05,25.120001000000002,27.200001,24.959999,24.959999,24.959999,4700
2014-11-06,25.120001000000002,25.120001000000002,21.120001000000002,21.440001000000002,21.440001000000002,16800
2014-11-07,21.440001000000002,23.200001,21.440001000000002,22.24,22.24,5000
2014-11-10,23.360001,23.360001,22.4,22.4,22.4,3000
2014-11-11,23.200001,23.200001,21.6,21.92,21.92,2700
2014-11-12,22.24,23.200001,21.440001000000002,22.24,22.24,3200
2014-11-13,22.08,22.719998999999998,21.76,21.76,21.76,1900
2014-11-14,21.6,23.200001,21.6,22.879998999999998,22.879998999999998,4100
2014-11-17,22.4,23.360001,22.4,22.879998999999998,22.879998999999998,2600
2014-11-18,22.719998999999998,23.84,22.4,22.559998999999998,22.559998999999998,3000
2014-11-19,22.08,23.200001,21.92,22.559998999999998,22.559998999999998,2300
2014-11-20,22.4,23.360001,22.24,22.559998999999998,22.559998999999998,1800
2014-11-21,22.559998999999998,23.360001,22.559998999999998,22.879998999999998,22.879998999999998,1900
2014-11-24,22.08,22.4,20.16,20.959999,20.959999,15500
2014-11-25,20.639999,20.799999,19.84,20.32,20.32,9100
2014-11-26,20.16,21.120001000000002,19.52,20.16,20.16,5400
2014-11-28,20.48,20.639999,19.52,19.84,19.84,1600
2014-12-01,19.52,20.0,19.200001,19.200001,19.200001,3700
2014-12-02,19.360001,19.68,18.559998999999998,19.360001,19.360001,4600
2014-12-03,18.879998999999998,19.040001,18.08,19.040001,19.040001,10500
2014-12-04,18.24,19.200001,17.92,18.08,18.08,6000
2014-12-05,17.6,19.360001,17.6,17.92,17.92,7300
2014-12-08,17.6,20.0,17.440001000000002,17.76,17.76,14400
2014-12-09,17.76,19.360001,17.440001000000002,19.200001,19.200001,2400
2014-12-10,18.719998999999998,20.48,18.719998999999998,20.16,20.16,3600
2014-12-11,20.32,20.32,19.52,19.84,19.84,2600
2014-12-12,19.84,20.639999,19.040001,20.32,20.32,3200
2014-12-15,20.799999,22.879998999999998,19.84,21.6,21.6,8600
2014-12-16,22.24,22.24,21.120001000000002,21.440001000000002,21.440001000000002,3100
2014-12-17,21.92,22.24,21.120001000000002,21.6,21.6,1900
2014-12-18,21.440001000000002,23.84,20.799999,22.879998999999998,22.879998999999998,6800
2014-12-19,23.040001,25.280001000000002,21.6,22.08,22.08,3900
2014-12-22,22.559998999999998,23.68,21.76,22.4,22.4,5100
2014-12-23,22.4,22.4,20.959999,21.6,21.6,2900
2014-12-24,21.120001000000002,22.24,21.120001000000002,21.76,21.76,800
2014-12-26,21.440001000000002,22.4,21.280001000000002,21.6,21.6,2400
2014-12-29,21.92,21.92,20.32,21.120001000000002,21.120001000000002,5500
2014-12-30,20.639999,20.959999,20.16,20.32,20.32,3800
2014-12-31,20.0,20.16,18.719998999999998,19.360001,19.360001,6400
2015-01-02,19.360001,21.6,19.200001,20.799999,20.799999,1300
2015-01-05,20.16,21.92,20.16,21.6,21.6,1800
2015-01-06,22.08,22.559998999999998,20.799999,20.799999,20.799999,2500
2015-01-07,20.959999,21.92,20.799999,21.280001000000002,21.280001000000002,700
2015-01-08,21.92,22.08,21.280001000000002,21.92,21.92,2000
2015-01-09,21.92,26.08,21.92,24.959999,24.959999,19400
2015-01-12,25.6,25.6,23.360001,24.0,24.0,5300
2015-01-13,24.0,24.0,20.639999,21.440001000000002,21.440001000000002,6200
2015-01-14,20.48,23.040001,20.48,21.280001000000002,21.280001000000002,3300
2015-01-15,20.959999,23.52,20.639999,21.440001000000002,21.440001000000002,6000
2015-01-16,21.280001000000002,21.76,21.120001000000002,21.6,21.6,1600
2015-01-20,20.959999,21.440001000000002,20.799999,20.799999,20.799999,2000
2015-01-21,21.440001000000002,21.440001000000002,20.639999,21.280001000000002,21.280001000000002,4800
2015-01-22,20.48,21.6,20.32,20.48,20.48,3100
2015-01-23,20.16,21.6,17.76,19.68,19.68,5900
2015-01-26,19.200001,21.440001000000002,19.200001,21.440001000000002,21.440001000000002,3100
2015-01-27,20.959999,21.440001000000002,20.799999,20.959999,20.959999,1200
2015-01-28,20.639999,21.440001000000002,19.68,20.799999,20.799999,2600
2015-01-29,20.799999,20.799999,19.68,20.32,20.32,1300
2015-01-30,20.32,20.799999,19.68,19.84,19.84,1000
2015-02-02,19.68,20.799999,19.360001,20.16,20.16,2500
2015-02-03,19.68,22.08,19.68,20.639999,20.639999,3600
2015-02-04,20.16,21.76,20.16,20.48,20.48,1200
2015-02-05,20.32,21.440001000000002,20.32,21.280001000000002,21.280001000000002,900
2015-02-06,20.799999,21.6,20.639999,20.639999,20.639999,600
2015-02-09,20.16,21.120001000000002,20.16,20.959999,20.959999,600
2015-02-10,21.120001000000002,22.719998999999998,20.799999,21.120001000000002,21.120001000000002,10700
2015-02-11,17.6,17.6,15.68,16.959999,16.959999,142100
2015-02-12,17.6,18.24,17.280001000000002,17.6,17.6,23200
2015-02-13,18.08,18.24,17.440001000000002,18.24,18.24,21600
2015-02-17,18.08,18.4,17.92,18.08,18.08,12400
2015-02-18,17.6,18.4,16.959999,17.6,17.6,5500
2015-02-19,17.92,18.559998999999998,17.280001000000002,18.4,18.4,6900
2015-02-20,18.719998999999998,18.719998999999998,17.440001000000002,17.440001000000002,17.440001000000002,5900
2015-02-23,17.76,18.08,17.280001000000002,17.6,17.6,3800
2015-02-24,17.76,19.040001,17.76,19.040001,19.040001,16100
2015-02-25,19.040001,19.200001,17.76,19.040001,19.040001,12200
2015-02-26,19.52,20.48,18.4,19.68,19.68,13000
2015-02-27,19.200001,20.32,18.4,20.32,20.32,12500
2015-03-02,19.84,20.32,18.879998999999998,19.200001,19.200001,7300
2015-03-03,20.639999,20.799999,19.200001,19.68,19.68,8600
2015-03-04,19.200001,20.16,18.559998999999998,19.200001,19.200001,7700
2015-03-05,19.360001,19.360001,17.6,18.24,18.24,12400
2015-03-06,17.92,19.200001,17.92,18.559998999999998,18.559998999999998,9400
2015-03-09,18.4,18.879998999999998,17.76,17.76,17.76,3800
2015-03-10,18.719998999999998,18.719998999999998,17.6,18.24,18.24,2000
2015-03-11,17.76,18.879998999999998,17.6,17.76,17.76,4300
2015-03-12,18.08,18.4,17.280001000000002,17.76,17.76,3900
2015-03-13,17.280001000000002,18.24,17.280001000000002,17.76,17.76,3000
2015-03-16,17.6,18.08,17.280001000000002,17.280001000000002,17.280001000000002,3300
2015-03-17,17.440001000000002,17.92,16.48,16.639999,16.639999,6100
2015-03-18,17.6,17.6,16.48,16.48,16.48,4600
2015-03-19,16.48,16.639999,15.68,16.0,16.0,11200
2015-03-20,15.84,16.639999,15.52,15.84,15.84,7100
2015-03-23,16.0,16.799999,15.52,16.799999,16.799999,7000
2015-03-24,16.799999,17.280001000000002,16.639999,17.120001000000002,17.120001000000002,3000
2015-03-25,17.6,17.6,16.799999,16.799999,16.799999,1100
2015-03-26,16.799999,16.959999,16.639999,16.799999,16.799999,1000
2015-03-27,16.959999,17.76,16.0,16.16,16.16,8300
2015-03-30,17.280001000000002,17.280001000000002,14.72,15.52,15.52,9600
2015-03-31,15.52,15.84,15.36,15.36,15.36,3400
2015-04-01,15.36,15.36,14.56,14.88,14.88,5100
2015-04-02,15.52,15.52,14.56,15.2,15.2,3800
2015-04-06,15.2,15.2,14.56,14.88,14.88,2800
2015-04-07,15.2,16.959999,15.2,16.32,16.32,6100
2015-04-08,16.16,16.639999,15.2,15.84,15.84,3600
2015-04-09,15.68,16.32,15.68,15.84,15.84,2300
2015-04-10,15.84,16.16,15.36,15.84,15.84,3400
2015-04-13,15.68,16.639999,15.68,16.16,16.16,3600
2015-04-14,15.84,17.76,15.84,17.120001000000002,17.120001000000002,20400
2015-04-15,17.280001000000002,17.280001000000002,16.32,17.120001000000002,17.120001000000002,3600
2015-04-16,16.959999,17.280001000000002,16.799999,16.959999,16.959999,7300
2015-04-17,16.799999,17.280001000000002,16.0,16.48,16.48,4400
2015-04-20,16.32,16.639999,16.0,16.0,16.0,2700
2015-04-21,16.48,17.440001000000002,16.0,16.0,16.0,7900
2015-04-22,16.0,16.959999,16.0,16.32,16.32,2700
2015-04-23,16.48,16.959999,16.32,16.639999,16.639999,1800
2015-04-24,16.32,16.799999,16.32,16.639999,16.639999,1600
2015-04-27,16.639999,16.799999,16.32,16.32,16.32,1800
2015-04-28,16.639999,16.799999,15.68,16.32,16.32,1500
2015-04-29,16.48,16.799999,15.84,15.84,15.84,1100
2015-04-30,16.16,16.16,14.4,14.56,14.56,7000
2015-05-01,14.56,14.88,14.4,14.4,14.4,3700
2015-05-04,14.4,15.68,14.4,14.88,14.88,2700
2015-05-05,15.04,15.04,13.92,14.08,14.08,7700
2015-05-06,14.56,14.72,13.28,13.28,13.28,6900
2015-05-07,14.08,14.08,13.12,13.12,13.12,5700
2015-05-08,13.92,13.92,12.8,12.96,12.96,8300
2015-05-11,13.6,13.6,12.96,13.28,13.28,3700
2015-05-12,13.76,13.92,12.96,13.12,13.12,3000
2015-05-13,13.28,14.08,13.28,13.76,13.76,2000
2015-05-14,13.92,13.92,12.8,13.76,13.76,3700
2015-05-15,13.92,13.92,13.28,13.28,13.28,3000
2015-05-18,13.6,13.92,13.28,13.76,13.76,1700
2015-05-19,14.08,14.08,13.28,13.28,13.28,1500
2015-05-20,13.44,15.2,13.28,13.44,13.44,27100
2015-05-21,13.92,15.04,13.28,14.08,14.08,15300
2015-05-22,14.08,14.72,13.76,14.08,14.08,6800
2015-05-26,14.24,15.2,13.6,13.6,13.6,6700
2015-05-27,14.4,28.32,14.24,22.719998999999998,22.719998999999998,655300
2015-05-28,20.799999,21.120001000000002,18.08,19.040001,19.040001,90500
2015-05-29,22.08,30.719998999999998,22.08,23.040001,23.040001,655100
2015-06-01,22.08,23.040001,20.799999,21.6,21.6,69100
2015-06-02,20.959999,22.719998999999998,19.84,21.440001000000002,21.440001000000002,29300
2015-06-03,22.08,22.24,20.48,22.08,22.08,17800
2015-06-04,21.76,23.52,21.120001000000002,21.120001000000002,21.120001000000002,18300
2015-06-05,21.280001000000002,21.6,19.360001,20.0,20.0,14500
2015-06-08,19.360001,20.959999,19.360001,20.32,20.32,8800
2015-06-09,21.6,21.6,20.0,20.48,20.48,12400
2015-06-10,20.48,20.48,18.08,19.040001,19.040001,20400
2015-06-11,18.559998999999998,19.040001,18.4,19.040001,19.040001,7800
2015-06-12,18.879998999999998,19.040001,18.24,18.559998999999998,18.559998999999998,4900
2015-06-15,18.24,18.24,16.959999,16.959999,16.959999,18500
2015-06-16,16.32,18.24,16.32,17.92,17.92,16500
2015-06-17,17.76,18.4,17.120001000000002,17.440001000000002,17.440001000000002,4700
2015-06-18,17.280001000000002,18.08,16.32,16.799999,16.799999,10500
2015-06-19,16.959999,17.6,16.639999,17.280001000000002,17.280001000000002,11100
2015-06-22,17.120001000000002,19.52,17.120001000000002,17.6,17.6,20100
2015-06-23,17.92,18.24,16.959999,17.6,17.6,5800
2015-06-24,17.120001000000002,17.440001000000002,16.639999,16.639999,16.639999,6900
2015-06-25,16.799999,17.280001000000002,16.48,16.48,16.48,2400
2015-06-26,16.48,16.48,16.0,16.16,16.16,7800
2015-06-29,16.16,16.32,15.36,15.36,15.36,6300
2015-06-30,15.84,16.32,15.36,15.36,15.36,2200
2015-07-01,15.52,15.68,14.4,14.72,14.72,5100
2015-07-02,14.4,15.2,14.4,14.56,14.56,2100
2015-07-06,14.56,15.2,14.56,14.72,14.72,1100
2015-07-07,14.72,15.04,14.56,14.56,14.56,1700
2015-07-08,14.4,14.4,12.8,13.76,13.76,5500
2015-07-09,13.92,14.24,13.44,13.44,13.44,6900
2015-07-10,13.6,14.88,13.28,13.44,13.44,8400
2015-07-13,13.76,14.24,13.28,13.44,13.44,2700
2015-07-14,13.6,14.08,13.44,13.92,13.92,1800
2015-07-15,14.24,14.4,12.96,13.28,13.28,29300
2015-07-16,10.4,11.04,8.8,9.44,9.44,257200
2015-07-17,9.12,9.44,8.32,8.64,8.64,72600
2015-07-20,9.76,9.92,8.0,8.32,8.32,116500
2015-07-21,8.48,8.48,7.36,7.84,7.84,62300
2015-07-22,8.0,8.32,7.36,8.16,8.16,22900
2015-07-23,8.0,8.48,7.68,7.84,7.84,20100
2015-07-24,7.84,8.16,7.52,8.0,8.0,28300
2015-07-27,7.68,8.8,7.68,8.8,8.8,97800
2015-07-28,8.48,8.96,8.0,8.8,8.8,72700
2015-07-29,8.96,9.44,8.64,9.28,9.28,61400
2015-07-30,9.28,9.76,8.48,8.8,8.8,31500
2015-07-31,8.8,9.28,8.32,8.64,8.64,17000
2015-08-03,8.8,8.8,7.84,8.32,8.32,25900
2015-08-04,8.48,8.8,7.84,8.16,8.16,35300
2015-08-05,8.32,8.48,7.36,8.0,8.0,36000
2015-08-06,8.0,8.16,7.52,8.0,8.0,20800
2015-08-07,8.0,8.64,7.84,8.48,8.48,23800
2015-08-10,8.16,8.8,7.84,8.48,8.48,7900
2015-08-11,8.48,8.8,7.84,8.16,8.16,18400
2015-08-12,8.16,8.32,7.84,8.0,8.0,8200
2015-08-13,8.0,8.64,7.84,8.32,8.32,10400
2015-08-14,8.32,8.32,8.0,8.16,8.16,10800
2015-08-17,7.84,8.48,7.84,7.84,7.84,20200
2015-08-18,8.0,8.16,7.84,7.84,7.84,9700
2015-08-19,8.16,8.16,7.52,7.84,7.84,19400
2015-08-20,8.0,8.64,7.52,8.0,8.0,20200
2015-08-21,7.84,8.0,7.52,7.68,7.68,11800
2015-08-24,7.36,7.52,6.4,7.52,7.52,14800
2015-08-25,6.72,7.52,6.72,7.04,7.04,11300
2015-08-26,7.36,7.36,5.76,6.4,6.4,48900
2015-08-27,6.4,6.72,5.92,6.56,6.56,14100
2015-08-28,6.24,6.72,6.24,6.4,6.4,12900
2015-08-31,6.72,7.2,6.4,7.04,7.04,6900
2015-09-01,7.04,7.04,6.56,6.88,6.88,4000
2015-09-02,6.88,6.88,6.4,6.4,6.4,10500
2015-09-03,6.4,6.88,6.4,6.72,6.72,5000
2015-09-04,6.88,8.32,6.56,8.0,8.0,79100
2015-09-08,8.8,8.96,7.52,8.0,8.0,66800
2015-09-09,8.32,8.96,7.52,7.52,7.52,24300
2015-09-10,7.52,8.0,7.04,7.84,7.84,12600
2015-09-11,7.84,8.0,7.2,7.36,7.36,8900
2015-09-14,7.36,7.84,7.2,7.52,7.52,5500
2015-09-15,7.52,7.68,6.88,7.52,7.52,8200
2015-09-16,7.68,7.84,7.04,7.52,7.52,9400
2015-09-17,7.52,8.16,7.2,8.0,8.0,9900
2015-09-18,7.84,8.48,7.52,8.32,8.32,35700
2015-09-21,8.48,8.48,7.84,8.0,8.0,11900
2015-09-22,8.32,8.32,7.52,8.0,8.0,11700
2015-09-23,8.16,8.16,7.68,7.68,7.68,3200
2015-09-24,8.0,8.32,7.68,7.68,7.68,7700
2015-09-25,8.0,8.16,7.68,8.0,8.0,5500
2015-09-28,8.32,8.48,6.4,6.88,6.88,17200
2015-09-29,6.88,7.52,6.72,7.2,7.2,10600
2015-09-30,7.2,7.84,6.72,7.2,7.2,8000
2015-10-01,7.04,7.68,6.88,6.88,6.88,3600
2015-10-02,6.88,7.36,6.88,7.2,7.2,8500
2015-10-05,7.52,7.84,7.04,7.84,7.84,5600
2015-10-06,7.84,7.84,7.04,7.68,7.68,4400
2015-10-07,7.2,7.84,7.2,7.2,7.2,5000
2015-10-08,7.52,8.0,7.2,7.68,7.68,14900
2015-10-09,7.84,9.92,7.52,9.12,9.12,73800
2015-10-12,8.96,9.28,8.0,8.96,8.96,23300
2015-10-13,8.64,9.12,8.16,8.48,8.48,8000
2015-10-14,8.48,10.4,8.48,8.96,8.96,55600
2015-10-15,9.76,10.88,9.28,9.92,9.92,56200
2015-10-16,9.92,9.92,8.96,8.96,8.96,22600
2015-10-19,8.96,9.6,8.8,8.96,8.96,6500
2015-10-20,8.96,9.28,8.96,8.96,8.96,3600
2015-10-21,9.12,9.28,8.16,8.48,8.48,6900
2015-10-22,9.12,9.12,8.32,8.48,8.48,4100
2015-10-23,8.64,9.28,8.48,8.48,8.48,5800
2015-10-26,8.96,8.96,8.0,8.16,8.16,7200
2015-10-27,8.64,8.64,8.0,8.16,8.16,6700
2015-10-28,8.32,8.64,8.0,8.48,8.48,1100
2015-10-29,8.48,8.8,8.48,8.64,8.64,1600
2015-10-30,8.64,8.8,8.0,8.0,8.0,1100
2015-11-02,8.16,8.64,8.0,8.0,8.0,3300
2015-11-03,8.48,8.48,7.68,8.16,8.16,5800
2015-11-04,8.32,8.48,7.68,7.68,7.68,5600
2015-11-05,7.68,8.0,7.52,7.52,7.52,2900
2015-11-06,7.52,8.16,7.36,7.36,7.36,2500
2015-11-09,7.36,8.0,7.36,7.36,7.36,1200
2015-11-10,7.52,7.68,7.36,7.52,7.52,4900
2015-11-11,7.36,7.68,7.36,7.36,7.36,7000
2015-11-12,7.52,7.68,6.08,6.88,6.88,20400
2015-11-13,6.88,7.2,5.92,6.72,6.72,8900
2015-11-16,6.88,7.52,6.56,7.04,7.04,11700
2015-11-17,7.2,7.36,6.08,6.4,6.4,18700
2015-11-18,6.88,6.88,6.08,6.24,6.24,7800
2015-11-19,6.4,6.56,6.08,6.4,6.4,5600
2015-11-20,6.4,6.72,6.08,6.72,6.72,12200
2015-11-23,6.72,7.2,6.24,7.2,7.2,13300
2015-11-24,6.88,7.2,6.4,7.04,7.04,12100
2015-11-25,7.04,7.36,6.4,7.2,7.2,7800
2015-11-27,7.36,7.84,6.88,7.68,7.68,6300
2015-11-30,7.52,8.16,7.52,7.84,7.84,12200
2015-12-01,8.16,8.16,7.68,8.0,8.0,4800
2015-12-02,8.16,8.32,7.04,7.52,7.52,11800
2015-12-03,7.68,8.0,7.2,7.2,7.2,5600
2015-12-04,7.2,7.84,6.88,7.04,7.04,7400
2015-12-07,6.88,7.2,6.4,6.4,6.4,5000
2015-12-08,6.72,8.0,6.4,6.4,6.4,6000
2015-12-09,6.88,8.0,6.72,7.36,7.36,11000
2015-12-10,7.52,7.68,7.04,7.2,7.2,2800
2015-12-11,7.52,7.84,7.36,7.52,7.52,5900
2015-12-14,7.2,7.68,6.56,6.88,6.88,9100
2015-12-15,7.04,7.52,6.88,7.36,7.36,3100
2015-12-16,7.2,8.0,7.04,7.04,7.04,6600
2015-12-17,7.68,8.8,7.68,8.8,8.8,11800
2015-12-18,8.8,8.8,8.0,8.32,8.32,7700
2015-12-21,8.0,9.44,8.0,8.8,8.8,7200
2015-12-22,8.48,9.6,8.16,9.12,9.12,3500
2015-12-23,8.8,9.44,8.48,8.8,8.8,5800
2015-12-24,8.96,9.44,8.8,8.96,8.96,2700
2015-12-28,8.8,8.8,7.68,7.68,7.68,3200
2015-12-29,8.0,8.8,7.04,7.2,7.2,8900
2015-12-30,7.2,8.0,7.2,7.36,7.36,4900
2015-12-31,7.36,8.0,7.36,8.0,8.0,14100
2016-01-04,8.16,8.48,7.84,7.84,7.84,1100
2016-01-05,8.64,8.64,8.32,8.64,8.64,3100
2016-01-06,8.64,8.64,7.36,8.0,8.0,4200
2016-01-07,8.0,8.0,7.2,7.68,7.68,3200
2016-01-08,7.36,8.48,7.04,8.32,8.32,11500
2016-01-11,8.8,8.8,7.2,8.0,8.0,13200
2016-01-12,8.16,8.16,7.2,7.68,7.68,6200
2016-01-13,7.2,7.68,7.2,7.52,7.52,6300
2016-01-14,7.52,7.84,7.04,7.2,7.2,3000
2016-01-15,7.04,7.84,7.04,7.2,7.2,3500
2016-01-19,8.0,8.16,7.36,7.36,7.36,8100
2016-01-20,7.2,7.52,5.6,6.72,6.72,29800
2016-01-21,7.52,7.52,6.4,6.88,6.88,12600
2016-01-22,6.88,7.2,6.24,6.56,6.56,6800
2016-01-25,6.56,6.56,6.24,6.4,6.4,12500
2016-01-26,6.24,6.72,5.92,5.92,5.92,14600
2016-01-27,6.08,6.08,5.6,5.6,5.6,4900
2016-01-28,5.6,6.08,5.6,5.92,5.92,14600
2016-01-29,5.76,5.76,4.48,4.8,4.8,42100
2016-02-01,4.64,4.96,4.0,4.64,4.64,38700
2016-02-02,4.8,4.96,4.16,4.32,4.32,11100
2016-02-03,4.48,4.64,4.32,4.48,4.48,3700
2016-02-04,4.8,4.8,4.48,4.48,4.48,5900
2016-02-05,4.64,4.96,4.48,4.48,4.48,4200
2016-02-08,4.64,4.64,4.0,4.16,4.16,10400
2016-02-09,4.32,4.48,4.0,4.0,4.0,5400
2016-02-10,4.32,4.48,4.0,4.32,4.32,15700
2016-02-11,4.16,4.32,4.0,4.16,4.16,7000
2016-02-12,4.32,4.48,4.16,4.32,4.32,1300
2016-02-16,4.32,4.48,4.16,4.16,4.16,1900
2016-02-17,4.16,4.48,4.16,4.32,4.32,4500
2016-02-18,4.32,4.8,4.16,4.48,4.48,16700
2016-02-19,4.64,4.64,4.32,4.32,4.32,6600
2016-02-22,4.32,4.64,4.16,4.64,4.64,14600
2016-02-23,4.64,4.64,4.32,4.32,4.32,7600
2016-02-24,4.32,4.32,4.16,4.32,4.32,3400
2016-02-25,4.48,4.48,4.16,4.32,4.32,4200
2016-02-26,4.32,4.48,4.32,4.32,4.32,2900
2016-02-29,4.48,4.48,4.48,4.48,4.48,1600
2016-03-01,4.48,4.64,4.32,4.48,4.48,8300
2016-03-02,4.48,4.48,4.32,4.32,4.32,4000
2016-03-03,4.32,4.8,4.32,4.64,4.64,23700
2016-03-04,5.12,5.12,4.32,4.64,4.64,21000
2016-03-07,4.8,4.8,4.48,4.48,4.48,19300
2016-03-08,4.48,4.64,4.48,4.64,4.64,2500
2016-03-09,4.8,4.8,4.64,4.64,4.64,9200
2016-03-10,5.12,5.28,4.8,5.12,5.12,23800
2016-03-11,5.12,5.44,4.96,5.44,5.44,29000
2016-03-14,5.44,6.08,5.44,5.6,5.6,19500
2016-03-15,5.6,5.92,5.12,5.28,5.28,10200
2016-03-16,5.6,5.6,5.12,5.44,5.44,7000
2016-03-17,5.44,5.44,4.8,5.28,5.28,6100
2016-03-18,5.28,5.44,4.8,4.96,4.96,8100
2016-03-21,4.96,4.96,4.16,4.8,4.8,23400
2016-03-22,4.64,4.8,4.16,4.64,4.64,8100
2016-03-23,4.32,4.64,4.32,4.48,4.48,6900
2016-03-24,4.32,4.48,4.0,4.48,4.48,9100
2016-03-28,4.48,4.48,4.32,4.48,4.48,1900
2016-03-29,4.48,4.48,4.16,4.16,4.16,3700
2016-03-30,4.32,4.96,4.16,4.64,4.64,7300
2016-03-31,4.48,4.64,4.32,4.64,4.64,1300
2016-04-01,4.48,4.64,4.16,4.32,4.32,6400
2016-04-04,4.48,4.64,4.32,4.64,4.64,2600
2016-04-05,4.32,4.64,4.32,4.32,4.32,5100
2016-04-06,4.32,4.48,4.32,4.32,4.32,2100
2016-04-07,4.48,4.48,4.32,4.32,4.32,1400
2016-04-08,4.48,4.96,4.48,4.8,4.8,11500
2016-04-11,5.12,5.12,4.8,4.96,4.96,5800
2016-04-12,4.96,5.12,4.8,4.8,4.8,7000
2016-04-13,4.8,4.96,4.8,4.8,4.8,5100
2016-04-14,4.96,5.12,4.8,5.12,5.12,15200
2016-04-15,5.12,5.92,4.96,5.44,5.44,16600
2016-04-18,5.6,6.24,5.44,5.44,5.44,10500
2016-04-19,5.6,5.92,5.12,5.6,5.6,4400
2016-04-20,5.28,5.76,5.28,5.6,5.6,2700
2016-04-21,5.44,5.6,4.96,5.28,5.28,3000
2016-04-22,5.28,5.6,5.28,5.44,5.44,1800
2016-04-25,5.6,5.92,5.44,5.76,5.76,11800
2016-04-26,5.28,5.76,5.28,5.28,5.28,2300
2016-04-27,5.44,5.6,5.28,5.44,5.44,6100
2016-04-28,5.28,5.6,5.12,5.12,5.12,1900
2016-04-29,5.28,5.44,4.8,5.12,5.12,4800
2016-05-02,4.96,5.28,4.8,4.8,4.8,4900
2016-05-03,4.8,5.28,4.8,5.12,5.12,6700
2016-05-04,5.28,5.44,4.48,4.8,4.8,13600
2016-05-05,4.96,4.96,4.48,4.64,4.64,2400
2016-05-06,4.64,5.12,4.48,4.8,4.8,4700
2016-05-09,4.64,4.64,4.32,4.64,4.64,4300
2016-05-10,4.8,4.8,4.48,4.64,4.64,1100
2016-05-11,4.48,4.64,4.32,4.32,4.32,3500
2016-05-12,4.32,4.64,4.32,4.48,4.48,4800
2016-05-13,4.32,4.64,4.32,4.48,4.48,3300
2016-05-16,4.32,4.64,4.32,4.64,4.64,3600
2016-05-17,4.48,4.48,4.48,4.48,4.48,4400
2016-05-18,4.48,4.48,4.48,4.48,4.48,700
2016-05-19,4.64,4.96,4.48,4.8,4.8,5000
2016-05-20,4.96,6.88,4.64,5.44,5.44,142800
2016-05-23,5.28,5.76,4.96,5.28,5.28,25800
2016-05-24,5.12,6.08,4.96,5.44,5.44,10600
2016-05-25,5.44,5.92,5.12,5.12,5.12,4100
2016-05-26,5.12,5.28,4.96,4.96,4.96,5300
2016-05-27,4.96,5.44,4.96,4.96,4.96,3700
2016-05-31,4.96,5.28,4.8,4.8,4.8,5600
2016-06-01,4.96,5.12,4.8,4.96,4.96,8900
2016-06-02,5.44,5.6,4.96,5.28,5.28,10400
2016-06-03,5.44,5.76,5.28,5.6,5.6,10400
2016-06-06,5.6,5.6,5.12,5.28,5.28,7900
2016-06-07,5.6,5.6,4.16,4.16,4.16,102300
2016-06-08,4.48,4.48,4.16,4.16,4.16,54400
2016-06-09,4.32,4.32,3.68,3.68,3.68,76100
2016-06-10,3.68,3.84,3.68,3.68,3.68,22900
2016-06-13,3.84,3.84,3.68,3.68,3.68,19400
2016-06-14,3.68,3.84,3.52,3.84,3.84,21300
2016-06-15,3.84,4.16,3.68,4.16,4.16,16100
2016-06-16,4.16,4.16,3.68,4.16,4.16,24500
2016-06-17,3.84,4.16,3.84,4.0,4.0,19500
2016-06-20,4.16,4.32,4.0,4.32,4.32,21700
2016-06-21,4.32,5.28,4.16,4.96,4.96,127200
2016-06-22,4.8,5.12,4.0,4.16,4.16,40800
2016-06-23,4.32,4.48,4.0,4.16,4.16,53200
2016-06-24,4.16,4.16,4.0,4.16,4.16,16100
2016-06-27,4.16,4.16,3.68,3.68,3.68,40700
2016-06-28,3.68,3.84,3.68,3.84,3.84,10200
2016-06-29,3.84,4.32,3.84,4.32,4.32,43900
2016-06-30,4.32,4.32,4.0,4.0,4.0,11800
2016-07-01,4.48,4.48,3.84,3.84,3.84,31900
2016-07-05,4.0,4.16,3.68,3.68,3.68,17200
2016-07-06,4.96,5.44,3.84,4.0,4.0,191700
2016-07-07,4.0,4.16,3.68,3.84,3.84,39100
2016-07-08,4.0,4.16,3.68,4.0,4.0,18300
2016-07-11,4.0,4.0,3.68,3.84,3.84,19600
2016-07-12,3.84,4.32,3.84,4.32,4.32,62700
2016-07-13,4.16,4.48,4.0,4.32,4.32,24200
2016-07-14,4.32,4.48,4.16,4.32,4.32,9400
2016-07-15,4.32,4.48,4.16,4.16,4.16,10900
2016-07-18,4.16,4.16,4.0,4.0,4.0,10100
2016-07-19,4.0,4.16,3.84,3.84,3.84,10400
2016-07-20,4.0,4.16,3.84,4.16,4.16,11900
2016-07-21,3.62,3.79,3.35,3.39,3.39,65500
2016-07-22,3.5,3.73,3.46,3.6,3.6,46900
2016-07-25,3.58,3.59,3.5,3.51,3.51,22000
2016-07-26,3.5,3.5,3.01,3.13,3.13,45900
2016-07-27,3.1,3.23,2.8,3.04,3.04,142000
2016-07-28,3.1,4.49,2.85,3.92,3.92,355700
2016-07-29,3.92,4.33,3.86,4.25,4.25,211200
2016-08-01,4.12,4.4,4.11,4.15,4.15,71300
2016-08-02,4.32,4.32,3.96,4.15,4.15,35400
2016-08-03,4.08,4.08,3.88,3.95,3.95,26000
2016-08-04,3.91,6.49,3.62,4.61,4.61,608100
2016-08-05,4.72,4.72,4.21,4.25,4.25,69100
2016-08-08,4.25,4.41,3.9,3.92,3.92,44000
2016-08-09,3.91,3.99,3.72,3.99,3.99,24000
2016-08-10,3.94,3.96,3.64,3.78,3.78,44700
2016-08-11,3.71,3.9,3.63,3.86,3.86,31700
2016-08-12,3.8,3.98,3.68,3.92,3.92,23300
2016-08-15,3.9,3.95,3.84,3.93,3.93,35600
2016-08-16,3.75,4.14,3.75,3.96,3.96,24700
2016-08-17,3.79,4.16,3.79,4.1,4.1,27100
2016-08-18,4.04,4.15,4.03,4.14,4.14,8200
2016-08-19,4.15,4.19,4.14,4.17,4.17,10800
2016-08-22,4.13,4.17,4.03,4.12,4.12,7000
2016-08-23,4.11,4.16,4.04,4.04,4.04,16700
2016-08-24,4.0,4.06,3.92,3.93,3.93,29200
2016-08-25,3.92,4.07,3.68,3.77,3.77,14200
2016-08-26,3.73,3.85,3.73,3.82,3.82,3300
2016-08-29,3.77,3.91,3.68,3.81,3.81,8700
2016-08-30,3.86,3.91,3.82,3.91,3.91,6000
2016-08-31,4.07,4.07,3.88,3.96,3.96,5700
2016-09-01,3.87,3.99,3.83,3.88,3.88,10500
2016-09-02,3.9,3.9,3.75,3.83,3.83,8900
2016-09-06,3.78,3.84,3.7,3.7,3.7,12900
2016-09-07,3.96,3.96,3.72,3.72,3.72,22500
2016-09-08,3.73,3.92,3.69,3.84,3.84,33700
2016-09-09,3.94,3.95,3.78,3.84,3.84,33400
2016-09-12,3.76,3.9,3.76,3.85,3.85,16800
2016-09-13,3.86,3.96,3.83,3.83,3.83,22000
2016-09-14,3.81,3.93,3.81,3.91,3.91,2400
2016-09-15,3.99,3.99,3.9,3.98,3.98,5300
2016-09-16,4.0,4.31,3.92,4.31,4.31,9400
2016-09-19,4.26,4.26,4.01,4.04,4.04,26300
2016-09-20,4.09,4.09,3.89,3.89,3.89,12500
2016-09-21,4.01,4.17,3.9,4.02,4.02,20800
2016-09-22,3.94,3.94,3.89,3.92,3.92,9500
2016-09-23,3.81,3.86,3.74,3.8,3.8,8200
2016-09-26,3.69,3.75,3.67,3.68,3.68,4000
2016-09-27,3.71,3.76,3.59,3.61,3.61,16900
2016-09-28,3.56,3.62,3.51,3.58,3.58,7200
2016-09-29,3.5,3.57,3.45,3.45,3.45,12000
2016-09-30,2.8,2.85,2.45,2.48,2.48,425300
2016-10-03,2.48,2.6,2.41,2.59,2.59,88300
2016-10-04,2.65,2.66,2.52,2.55,2.55,88200
2016-10-05,2.63,2.74,2.53,2.73,2.73,73600
2016-10-06,2.76,2.77,2.7,2.72,2.72,28600
2016-10-07,2.7,2.78,2.7,2.74,2.74,22700
2016-10-10,2.74,2.74,2.62,2.68,2.68,6500
2016-10-11,2.71,2.78,2.61,2.74,2.74,62100
2016-10-12,2.75,2.98,2.67,2.71,2.71,50500
2016-10-13,2.63,2.63,2.5,2.5,2.5,31800
2016-10-14,2.52,2.53,2.33,2.33,2.33,56000
2016-10-17,2.38,2.39,2.3,2.35,2.35,53700
2016-10-18,2.5,2.51,2.15,2.32,2.32,33300
2016-10-19,2.27,2.34,2.16,2.26,2.26,16200
2016-10-20,2.28,2.28,2.18,2.25,2.25,14700
2016-10-21,2.24,2.5,2.24,2.32,2.32,10900
2016-10-24,2.39,2.39,2.25,2.28,2.28,14400
2016-10-25,2.23,2.3,2.19,2.3,2.3,20800
2016-10-26,2.27,2.27,2.12,2.12,2.12,45300
2016-10-27,2.1,2.24,2.1,2.24,2.24,14200
2016-10-28,2.22,2.22,1.96,2.02,2.02,89800
2016-10-31,2.25,2.25,1.86,1.95,1.95,33100
2016-11-01,1.95,1.95,1.88,1.93,1.93,38000
2016-11-02,1.94,1.94,1.65,1.76,1.76,50800
2016-11-03,1.69,1.8,1.59,1.7,1.7,86100
2016-11-04,2.48,3.27,1.76,1.76,1.76,2935100
2016-11-07,1.85,1.85,1.5,1.64,1.64,185600
2016-11-08,1.62,1.64,1.5,1.64,1.64,106900
2016-11-09,1.6,1.62,1.35,1.51,1.51,136200
2016-11-10,1.58,1.69,1.41,1.62,1.62,220400
2016-11-11,1.83,1.9,1.62,1.87,1.87,258700
2016-11-14,2.0,2.29,1.83,1.99,1.99,257700
2016-11-15,1.98,2.2,1.76,2.15,2.15,229800
2016-11-16,2.2,2.28,2.04,2.2,2.2,101100
2016-11-17,2.18,2.2,1.84,2.17,2.17,168500
2016-11-18,2.17,2.28,1.94,2.07,2.07,157000
2016-11-21,2.08,2.18,1.95,2.05,2.05,267600
2016-11-22,2.03,2.03,1.85,1.86,1.86,107700
2016-11-23,1.91,2.05,1.8,1.92,1.92,93000
2016-11-25,1.92,2.1,1.87,2.07,2.07,116900
2016-11-28,2.15,2.9,2.12,2.27,2.27,998800
2016-11-29,2.22,2.38,1.93,2.04,2.04,190400
2016-11-30,2.0,2.3,1.93,2.09,2.09,283200
2016-12-01,2.07,2.11,1.93,2.0,2.0,77500
2016-12-02,1.98,1.98,1.85,1.9,1.9,94200
2016-12-05,1.91,1.91,1.81,1.86,1.86,66500
2016-12-06,1.84,2.0,1.8,1.97,1.97,50600
2016-12-07,1.95,2.03,1.91,1.98,1.98,46100
2016-12-08,2.0,2.0,1.91,1.96,1.96,46300
2016-12-09,1.98,2.0,1.88,1.96,1.96,59800
2016-12-12,1.94,1.94,1.84,1.86,1.86,39300
2016-12-13,1.88,1.89,1.67,1.68,1.68,199900
2016-12-14,1.68,1.68,1.58,1.58,1.58,108900
2016-12-15,1.55,1.57,1.43,1.43,1.43,282600
2016-12-16,1.49,1.49,1.29,1.39,1.39,393800
2016-12-19,1.37,1.39,1.32,1.34,1.34,160600
2016-12-20,1.36,1.79,1.15,1.22,1.22,1289700
2016-12-21,1.19,1.22,1.1,1.13,1.13,339700
2016-12-22,1.15,1.19,1.01,1.05,1.05,476200
2016-12-23,1.06,1.15,1.02,1.09,1.09,482500
2016-12-27,1.11,1.18,0.98,1.01,1.01,393500
2016-12-28,1.0,1.0,0.92,0.95,0.95,311000
2016-12-29,0.97,1.0,0.9,0.9,0.9,245500
2016-12-30,0.9,1.1,0.8,0.92,0.92,1218500
2017-01-03,0.92,0.92,0.82,0.87,0.87,926400
2017-01-04,0.87,0.87,0.83,0.84,0.84,398900
2017-01-05,0.85,0.93,0.82,0.82,0.82,2179300
2017-01-06,0.83,0.88,0.46,0.58,0.58,4957000
2017-01-09,0.6,0.67,0.52,0.56,0.56,1749800
2017-01-10,0.56,0.57,0.48,0.48,0.48,1203100
2017-01-11,0.47,0.47,0.39,0.41,0.41,1736300
2017-01-12,0.5,0.5,0.42,0.44,0.44,1792300
2017-01-13,0.44,0.45,0.4,0.41,0.41,1301200
2017-01-17,0.42,0.52,0.41,0.47,0.47,3502900
2017-01-18,0.6,0.7,0.4,0.4,0.4,19217900
2017-01-19,0.39,0.4,0.3,0.31,0.31,5531500
2017-01-20,0.32,0.35,0.3,0.32,0.32,2554000
2017-01-23,0.33,0.34,0.31,0.31,0.31,1659600
2017-01-24,0.32,0.49,0.31,0.48,0.48,13416300
2017-01-25,0.48,0.5,0.36,0.41,0.41,7349700
2017-01-26,0.39,0.42,0.35,0.37,0.37,3291800
2017-01-27,0.38,0.42,0.35,0.38,0.38,3412500
2017-01-30,0.4,0.41,0.36,0.38,0.38,2262400
2017-01-31,0.38,0.42,0.35,0.36,0.36,4500400
2017-02-01,0.36,0.37,0.32,0.33,0.33,3212200
2017-02-02,0.33,0.33,0.3,0.31,0.31,3172500
2017-02-03,0.31,0.35,0.3,0.32,0.32,4987500
2017-02-06,0.34,0.35,0.3,0.3,0.3,3671000
2017-02-07,0.3,0.31,0.23,0.25,0.25,6379700
2017-02-08,0.24,0.25,0.2,0.24,0.24,6483900
2017-02-09,0.25,0.26,0.22,0.22,0.22,4587500
2017-02-10,0.23,0.23,0.2,0.22,0.22,3715700
2017-02-13,0.22,0.22,0.2,0.22,0.22,4450800
2017-02-14,0.21,0.22,0.2,0.21,0.21,3402600
2017-02-15,0.2,0.2,0.13,0.17,0.17,8972100
2017-02-16,0.16,0.19,0.15,0.17,0.17,9126400
2017-02-17,0.17,0.19,0.15,0.16,0.16,5828600
2017-02-21,0.21,0.24,0.16,0.17,0.17,46224600
2017-02-22,0.21,0.22,0.18,0.19,0.19,27578200
2017-02-23,0.17,0.18,0.16,0.17,0.17,12265100
2017-02-24,0.17,0.17,0.16,0.16,0.16,4067600
2017-02-27,0.16,0.17,0.14,0.14,0.14,9536100
2017-02-28,0.14,0.14,0.12,0.14,0.14,6379900
2017-03-01,0.13,0.15,0.13,0.14,0.14,7556200
2017-03-02,0.15,0.17,0.14,0.17,0.17,13194800
2017-03-03,0.17,0.18,0.14,0.15,0.15,10918900
2017-03-06,0.15,0.15,0.14,0.14,0.14,6633000
2017-03-07,0.14,0.14,0.13,0.13,0.13,6578900
2017-03-08,0.13,0.13,0.12,0.12,0.12,7390000
2017-03-09,0.13,0.14,0.12,0.13,0.13,9548100
2017-03-10,0.13,0.13,0.12,0.13,0.13,6895800
2017-03-13,0.13,0.13,0.12,0.12,0.12,5385300
2017-03-14,0.12,0.12,0.1,0.11,0.11,10607700
2017-03-15,0.11,0.11,0.09,0.1,0.1,11430600
2017-03-16,0.1,0.11,0.09,0.1,0.1,7272200
2017-03-17,0.1,0.1,0.09,0.1,0.1,7976500
2017-03-20,0.1,0.1,0.09,0.09,0.09,6554300
2017-03-21,0.09,0.09,0.08,0.08,0.08,10232800
2017-03-22,0.08,0.11,0.08,0.09,0.09,22112300
2017-03-23,0.1,0.1,0.09,0.09,0.09,8845200
2017-03-24,0.09,0.1,0.08,0.09,0.09,9769500
2017-03-27,0.1,0.11,0.09,0.1,0.1,27369500
2017-03-28,0.11,0.11,0.09,0.1,0.1,14519800
2017-03-29,0.09,0.09,0.08,0.09,0.09,12588600
2017-03-30,0.09,0.09,0.08,0.09,0.09,9578700
2017-03-31,0.09,0.09,0.08,0.09,0.09,8229900
2017-04-03,0.09,0.1,0.08,0.08,0.08,11957300
2017-04-04,0.09,0.09,0.08,0.08,0.08,12694300
2017-04-05,0.08,0.08,0.08,0.08,0.08,12346000
2017-04-06,0.08,0.08,0.07,0.08,0.08,8150600
2017-04-07,0.08,0.08,0.07,0.07,0.07,6641800
2017-04-10,0.07,0.08,0.07,0.07,0.07,7763400
2017-04-11,0.07,0.08,0.07,0.07,0.07,6353300
2017-04-12,0.07,0.07,0.06,0.06,0.06,14404000
2017-04-13,0.06,0.06,0.06,0.06,0.06,7971700
2017-04-17,0.06,0.06,0.05,0.06,0.06,8321300
2017-04-18,0.06,0.09,0.06,0.07,0.07,48423600
2017-04-19,0.07,0.07,0.06,0.06,0.06,26883100
2017-04-20,0.06,0.06,0.06,0.06,0.06,11281300
2017-04-21,0.06,0.06,0.06,0.06,0.06,9194500
2017-04-24,0.06,0.06,0.06,0.06,0.06,6931500
2017-04-25,0.06,0.06,0.06,0.06,0.06,7527300
2017-04-26,0.06,0.06,0.06,0.06,0.06,6876300
2017-04-27,0.06,0.06,0.06,0.06,0.06,7981800
2017-04-28,0.06,0.06,0.06,0.06,0.06,9003100
2017-05-01,0.06,0.06,0.06,0.06,0.06,5828700
2017-05-02,0.06,0.06,0.05,0.06,0.06,7818500
2017-05-03,0.05,0.06,0.05,0.05,0.05,5835800
2017-05-04,0.05,0.06,0.05,0.05,0.05,7249100
2017-05-05,0.05,0.05,0.05,0.05,0.05,8374500
2017-05-08,0.05,0.05,0.05,0.05,0.05,17157600
2017-05-09,0.05,0.06,0.04,0.05,0.05,37619200
2017-05-10,0.05,0.05,0.04,0.05,0.05,17058500
2017-05-11,0.05,0.05,0.04,0.04,0.04,17748300
2017-05-12,0.04,0.04,0.03,0.03,0.03,44599000
2017-05-15,0.04,0.04,0.03,0.03,0.03,16289400
2017-05-16,0.04,0.04,0.03,0.04,0.04,26745400
2017-05-17,0.04,0.04,0.03,0.04,0.04,26719100
2017-05-18,0.04,0.04,0.03,0.03,0.03,25390800
2017-05-19,0.03,0.03,0.03,0.03,0.03,23196100
2017-05-22,0.03,0.03,0.03,0.03,0.03,53914200
2017-05-23,0.03,0.03,0.02,0.02,0.02,36273000
2017-05-24,0.02,0.02,0.02,0.02,0.02,45612200
2017-05-25,0.02,0.03,0.02,0.02,0.02,50498400
2017-05-26,0.03,0.03,0.02,0.02,0.02,48425600
2017-05-30,0.03,0.03,0.02,0.02,0.02,51473200
2017-05-31,0.02,0.02,0.02,0.02,0.02,26798000
2017-06-01,0.02,0.02,0.02,0.02,0.02,25854200
2017-06-02,0.02,0.02,0.02,0.02,0.02,40774400
2017-06-05,0.02,0.03,0.02,0.02,0.02,101329000
2017-06-06,0.02,0.02,0.02,0.02,0.02,42862200
2017-06-07,0.02,0.02,0.02,0.02,0.02,23496000
2017-06-08,0.02,0.05,0.02,0.04,0.04,258102900
2017-06-09,0.06,0.08,0.05,0.06,0.06,574522000
2017-06-12,0.08,0.08,0.06,0.06,0.06,222641400
2017-06-13,0.06,0.06,0.04,0.05,0.05,123283400
2017-06-14,0.05,0.06,0.05,0.06,0.06,88249900
2017-06-15,0.06,0.06,0.06,0.06,0.06,47621100
2017-06-16,0.06,0.06,0.05,0.05,0.05,69583200
2017-06-19,0.09,0.1,0.08,0.1,0.1,237215100
2017-06-20,0.1,0.3,0.1,0.22,0.22,701295700
2017-06-21,0.3,0.36,0.23,0.27,0.27,416175600
2017-06-22,0.25,0.27,0.19,0.24,0.24,196756200
2017-06-23,0.21,0.23,0.11,0.16,0.16,255898800
2017-06-26,0.14,0.23,0.13,0.22,0.22,214760500
2017-06-27,0.23,0.26,0.19,0.22,0.22,136180300
2017-06-28,0.22,0.23,0.19,0.21,0.21,57424200
2017-06-29,0.22,0.22,0.2,0.2,0.2,43378600
2017-06-30,0.18,0.22,0.18,0.2,0.2,74830900
2017-07-03,0.2,0.21,0.18,0.2,0.2,31431800
2017-07-05,0.2,0.2,0.18,0.19,0.19,32764000
2017-07-06,0.18,0.18,0.15,0.17,0.17,82672800
2017-07-07,0.17,0.17,0.13,0.14,0.14,60402800
2017-07-10,0.15,0.15,0.12,0.14,0.14,72154300
2017-07-11,0.14,0.2,0.13,0.18,0.18,180172400
2017-07-12,0.2,0.2,0.15,0.16,0.16,131375200
