Date,Open,High,Low,Close,Adj Close,Volume
2010-01-04,1.15,1.15,1.0,1.0,1.0,16000.0
2010-01-05,1.1,1.1,1.0,1.0,1.0,15900.0
2010-01-06,1.05,1.15,1.0,1.1,1.1,72500.0
2010-01-07,1.15,1.45,1.15,1.35,1.35,162900.0
2010-01-08,1.45,1.45,1.35,1.4,1.4,17900.0
2010-01-11,1.35,1.45,1.35,1.4,1.4,12000.0
2010-01-12,1.35,1.35,1.25,1.3,1.3,21100.0
2010-01-13,1.25,1.3,1.25,1.3,1.3,9900.0
2010-01-14,1.25,1.3,1.15,1.15,1.15,100900.0
2010-01-15,1.2,1.25,1.15,1.2,1.2,33400.0
2010-01-19,1.2,1.25,1.2,1.2,1.2,15800.0
2010-01-20,1.2,1.25,1.2,1.2,1.2,10200.0
2010-01-21,1.2,1.2,1.0,1.1,1.1,29100.0
2010-01-22,1.1,1.15,1.1,1.1,1.1,9700.0
2010-01-25,1.05,1.1,1.05,1.05,1.05,9700.0
2010-01-26,1.05,1.05,1.05,1.05,1.05,2800.0
2010-01-27,1.05,1.05,1.05,1.05,1.05,5200.0
2010-01-28,1.05,1.1,1.0,1.0,1.0,10800.0
2010-01-29,1.0,1.1,1.0,1.05,1.05,6700.0
2010-02-01,1.0,1.15,0.9,0.9,0.9,38000.0
2010-02-02,1.0,1.2,0.85,1.1,1.1,34800.0
2010-02-03,1.05,1.2,1.05,1.1,1.1,9000.0
2010-02-04,1.05,1.15,1.05,1.05,1.05,4700.0
2010-02-05,1.05,1.15,1.05,1.1,1.1,6900.0
2010-02-08,1.1,1.1,1.1,1.1,1.1,1400.0
2010-02-09,1.1,1.1,1.0,1.05,1.05,20400.0
2010-02-10,1.05,1.05,1.05,1.05,1.05,3200.0
2010-02-11,1.05,1.05,1.0,1.05,1.05,4400.0
2010-02-12,1.0,1.0,0.9,0.95,0.95,58200.0
2010-02-16,0.95,0.95,0.95,0.95,0.95,11700.0
2010-02-17,0.95,0.95,0.95,0.95,0.95,6200.0
2010-02-18,0.95,0.95,0.9,0.9,0.9,8500.0
2010-02-19,0.9,0.95,0.9,0.95,0.95,3000.0
2010-02-22,0.9,0.95,0.9,0.9,0.9,6400.0
2010-02-23,0.9,0.9,0.9,0.9,0.9,6900.0
2010-02-24,0.9,0.95,0.9,0.9,0.9,10400.0
2010-02-25,0.9,0.9,0.8,0.85,0.85,40100.0
2010-02-26,0.85,0.9,0.85,0.85,0.85,7400.0
2010-03-01,0.85,0.9,0.8,0.9,0.9,22700.0
2010-03-02,0.9,0.95,0.8,0.85,0.85,12300.0
2010-03-03,0.9,0.9,0.8,0.85,0.85,10600.0
2010-03-04,0.8,0.85,0.8,0.8,0.8,14100.0
2010-03-05,0.8,0.9,0.8,0.85,0.85,30200.0
2010-03-08,0.85,0.95,0.85,0.85,0.85,17300.0
2010-03-09,0.8,0.95,0.8,0.85,0.85,39400.0
2010-03-10,0.9,1.2,0.9,1.1,1.1,100800.0
2010-03-11,1.0,1.2,1.0,1.05,1.05,8900.0
2010-03-12,1.0,1.05,1.0,1.05,1.05,4100.0
2010-03-15,1.05,1.1,0.95,1.0,1.0,17900.0
2010-03-16,1.0,1.1,1.0,1.0,1.0,14700.0
2010-03-17,1.1,1.1,1.0,1.05,1.05,18200.0
2010-03-18,1.05,1.1,1.0,1.05,1.05,9000.0
2010-03-19,1.0,1.1,1.0,1.05,1.05,27300.0
2010-03-22,1.05,1.1,1.0,1.0,1.0,17800.0
2010-03-23,1.0,1.1,1.0,1.05,1.05,11900.0
2010-03-24,1.1,1.1,1.05,1.05,1.05,9500.0
2010-03-25,1.05,1.1,1.05,1.05,1.05,10800.0
2010-03-26,1.0,1.05,1.0,1.0,1.0,13500.0
2010-03-29,1.0,1.05,1.0,1.0,1.0,50400.0
2010-03-30,1.0,1.1,1.0,1.0,1.0,18900.0
2010-03-31,1.0,1.15,1.0,1.0,1.0,17900.0
2010-04-01,1.0,1.15,1.0,1.1,1.1,16200.0
2010-04-05,1.0,1.15,1.0,1.15,1.15,17100.0
2010-04-06,1.1,1.4,1.05,1.4,1.4,80800.0
2010-04-07,1.25,1.4,1.15,1.2,1.2,27300.0
2010-04-08,1.35,1.35,1.15,1.35,1.35,14500.0
2010-04-09,1.35,1.5,1.25,1.4,1.4,22700.0
2010-04-12,1.3,1.85,1.3,1.5,1.5,52000.0
2010-04-13,1.5,2.05,1.5,1.9,1.9,77500.0
2010-04-14,1.95,2.0,1.75,1.9,1.9,21500.0
2010-04-15,1.75,2.0,1.6,1.6,1.6,23500.0
2010-04-16,1.6,1.75,1.55,1.55,1.55,17000.0
2010-04-19,1.5,1.55,1.1,1.25,1.25,132000.0
2010-04-20,1.25,1.35,1.2,1.35,1.35,11500.0
2010-04-21,1.5,1.5,1.3,1.4,1.4,10600.0
2010-04-22,1.4,1.45,1.35,1.35,1.35,12000.0
2010-04-23,1.45,1.45,1.35,1.35,1.35,3800.0
2010-04-26,1.45,1.45,1.35,1.35,1.35,14900.0
2010-04-27,1.35,1.45,1.35,1.35,1.35,17500.0
2010-04-28,1.35,1.4,1.35,1.35,1.35,9100.0
2010-04-29,1.35,1.4,1.25,1.4,1.4,6400.0
2010-04-30,1.3,1.35,1.25,1.3,1.3,23100.0
2010-05-03,1.4,1.45,1.15,1.25,1.25,33800.0
2010-05-04,1.25,1.3,1.25,1.25,1.25,7900.0
2010-05-05,1.25,1.35,1.2,1.2,1.2,7700.0
2010-05-06,1.2,1.25,1.2,1.2,1.2,8200.0
2010-05-07,1.1,1.25,1.1,1.15,1.15,13400.0
2010-05-10,1.15,1.15,1.15,1.15,1.15,3700.0
2010-05-11,1.15,1.2,1.15,1.15,1.15,4100.0
2010-05-12,1.15,1.15,1.15,1.15,1.15,6000.0
2010-05-13,1.15,1.2,1.1,1.1,1.1,32100.0
2010-05-14,1.15,1.2,1.15,1.2,1.2,5400.0
2010-05-17,1.15,1.2,1.15,1.15,1.15,25500.0
2010-05-18,1.15,1.15,1.15,1.15,1.15,9000.0
2010-05-19,1.15,1.2,1.1,1.15,1.15,12500.0
2010-05-20,1.05,1.05,0.95,0.95,0.95,23300.0
2010-05-21,1.0,1.15,0.95,1.1,1.1,31800.0
2010-05-24,1.0,1.1,1.0,1.0,1.0,13000.0
2010-05-25,1.0,1.05,1.0,1.0,1.0,17800.0
2010-05-26,1.0,1.05,1.0,1.0,1.0,9600.0
2010-05-27,1.0,1.05,0.95,1.0,1.0,5800.0
2010-05-28,1.0,1.0,1.0,1.0,1.0,15900.0
2010-06-01,1.0,1.0,0.9,1.0,1.0,28100.0
2010-06-02,0.95,1.0,0.9,0.9,0.9,9100.0
2010-06-03,0.9,0.95,0.85,0.9,0.9,37800.0
2010-06-04,0.95,0.95,0.9,0.9,0.9,15100.0
2010-06-07,0.9,0.9,0.9,0.9,0.9,11000.0
2010-06-08,0.9,0.9,0.9,0.9,0.9,29900.0
2010-06-09,0.9,0.9,0.85,0.9,0.9,10600.0
2010-06-10,0.9,0.9,0.85,0.9,0.9,8000.0
2010-06-11,0.9,0.9,0.9,0.9,0.9,5100.0
2010-06-14,0.9,0.95,0.9,0.9,0.9,17100.0
2010-06-15,0.9,0.9,0.85,0.9,0.9,30400.0
2010-06-16,0.9,0.9,0.8,0.85,0.85,34500.0
2010-06-17,0.85,0.85,0.8,0.85,0.85,1700.0
2010-06-18,0.8,0.8,0.8,0.8,0.8,10400.0
2010-06-21,0.8,0.8,0.8,0.8,0.8,8900.0
2010-06-22,0.75,0.8,0.75,0.75,0.75,12500.0
2010-06-23,0.75,0.85,0.7,0.75,0.75,16100.0
2010-06-24,0.7,0.7,0.65,0.65,0.65,31900.0
2010-06-25,0.65,0.65,0.6,0.65,0.65,14900.0
2010-06-28,0.6,0.65,0.55,0.6,0.6,36300.0
2010-06-29,0.6,0.65,0.55,0.55,0.55,31400.0
2010-06-30,0.55,0.55,0.55,0.55,0.55,1300.0
2010-07-01,0.4,0.6,0.4,0.6,0.6,82200.0
2010-07-02,0.45,0.6,0.45,0.55,0.55,7600.0
2010-07-06,0.55,0.55,0.5,0.5,0.5,32700.0
2010-07-07,0.45,0.5,0.45,0.45,0.45,78400.0
2010-07-08,0.5,0.6,0.45,0.5,0.5,23600.0
2010-07-09,0.5,0.55,0.5,0.5,0.5,7400.0
2010-07-12,0.5,0.7,0.5,0.55,0.55,7700.0
2010-07-13,0.6,0.65,0.6,0.6,0.6,16800.0
2010-07-14,0.6,0.65,0.55,0.55,0.55,20800.0
2010-07-15,0.55,0.65,0.55,0.6,0.6,11500.0
2010-07-16,0.6,0.7,0.6,0.7,0.7,14700.0
2010-07-19,0.7,0.7,0.6,0.7,0.7,11300.0
2010-07-20,0.65,0.65,0.6,0.65,0.65,21700.0
2010-07-21,0.65,0.65,0.65,0.65,0.65,8400.0
2010-07-22,0.65,0.65,0.65,0.65,0.65,6800.0
2010-07-23,0.65,0.65,0.65,0.65,0.65,3100.0
2010-07-26,0.65,0.65,0.6,0.6,0.6,5300.0
2010-07-27,0.6,0.65,0.6,0.65,0.65,24600.0
2010-07-28,0.6,0.6,0.6,0.6,0.6,3400.0
2010-07-29,0.6,0.65,0.6,0.65,0.65,9200.0
2010-07-30,0.6,0.6,0.6,0.6,0.6,20400.0
2010-08-02,0.6,0.6,0.55,0.6,0.6,15300.0
2010-08-03,0.6,0.6,0.55,0.55,0.55,14700.0
2010-08-04,0.6,0.8,0.55,0.6,0.6,96700.0
2010-08-05,0.6,0.7,0.6,0.6,0.6,19900.0
2010-08-06,0.65,0.65,0.6,0.6,0.6,2200.0
2010-08-09,0.6,0.7,0.6,0.6,0.6,4700.0
2010-08-10,0.6,0.65,0.6,0.6,0.6,28400.0
2010-08-11,0.6,0.6,0.6,0.6,0.6,2300.0
2010-08-12,0.6,0.65,0.6,0.6,0.6,12100.0
2010-08-13,0.6,0.6,0.6,0.6,0.6,1900.0
2010-08-16,0.6,0.65,0.6,0.6,0.6,45900.0
2010-08-17,0.6,0.6,0.6,0.6,0.6,5300.0
2010-08-18,0.6,0.6,0.6,0.6,0.6,9400.0
2010-08-19,0.6,0.6,0.6,0.6,0.6,600.0
2010-08-20,0.6,0.6,0.55,0.55,0.55,47900.0
2010-08-23,0.55,0.55,0.5,0.5,0.5,64600.0
2010-08-24,0.5,0.5,0.45,0.45,0.45,12500.0
2010-08-25,0.45,0.5,0.45,0.5,0.5,19200.0
2010-08-26,0.5,0.5,0.4,0.45,0.45,15100.0
2010-08-27,0.45,0.45,0.4,0.45,0.45,10400.0
2010-08-30,0.45,0.45,0.45,0.45,0.45,5600.0
2010-08-31,0.45,0.45,0.45,0.45,0.45,7300.0
2010-09-01,0.45,0.45,0.45,0.45,0.45,30800.0
2010-09-02,0.45,0.5,0.45,0.45,0.45,3000.0
2010-09-03,0.5,0.55,0.45,0.55,0.55,42600.0
2010-09-07,0.5,0.55,0.5,0.55,0.55,16400.0
2010-09-08,0.5,0.6,0.5,0.5,0.5,4800.0
2010-09-09,0.5,0.5,0.5,0.5,0.5,2100.0
2010-09-10,0.5,0.5,0.5,0.5,0.5,1700.0
2010-09-13,0.5,0.55,0.5,0.5,0.5,8100.0
2010-09-14,0.5,0.65,0.5,0.55,0.55,38100.0
2010-09-15,0.5,0.55,0.5,0.5,0.5,11500.0
2010-09-16,0.5,0.5,0.5,0.5,0.5,4100.0
2010-09-17,0.5,0.6,0.5,0.5,0.5,9800.0
2010-09-20,0.5,0.55,0.5,0.55,0.55,4800.0
2010-09-21,0.55,0.55,0.5,0.5,0.5,17400.0
2010-09-22,0.5,0.55,0.5,0.55,0.55,12900.0
2010-09-23,0.5,0.55,0.5,0.55,0.55,20000.0
2010-09-24,0.55,0.55,0.55,0.55,0.55,9100.0
2010-09-27,0.5,0.6,0.5,0.55,0.55,21800.0
2010-09-28,0.55,0.65,0.55,0.6,0.6,13300.0
2010-09-29,0.65,0.65,0.6,0.6,0.6,22100.0
2010-09-30,0.6,0.65,0.6,0.65,0.65,6800.0
2010-10-01,0.65,0.65,0.6,0.6,0.6,9300.0
2010-10-04,0.6,0.65,0.6,0.6,0.6,6300.0
2010-10-05,0.6,0.6,0.6,0.6,0.6,18400.0
2010-10-06,0.6,0.65,0.6,0.65,0.65,11400.0
2010-10-07,0.65,0.65,0.6,0.65,0.65,12700.0
2010-10-08,0.6,0.6,0.6,0.6,0.6,1700.0
2010-10-11,0.6,0.65,0.6,0.6,0.6,17400.0
2010-10-12,0.6,0.7,0.6,0.65,0.65,26600.0
2010-10-13,0.65,0.7,0.65,0.65,0.65,18000.0
2010-10-14,0.6,0.65,0.6,0.6,0.6,7900.0
2010-10-15,0.6,0.7,0.6,0.6,0.6,1300.0
2010-10-18,0.6,0.65,0.6,0.6,0.6,105200.0
2010-10-19,0.6,0.6,0.55,0.6,0.6,39500.0
2010-10-20,0.6,0.6,0.6,0.6,0.6,72800.0
2010-10-21,0.6,0.6,0.6,0.6,0.6,8000.0
2010-10-22,0.6,0.65,0.6,0.6,0.6,11000.0
2010-10-25,0.6,0.7,0.6,0.6,0.6,10100.0
2010-10-26,0.6,0.65,0.6,0.6,0.6,2900.0
2010-10-27,0.6,0.65,0.6,0.6,0.6,11100.0
2010-10-28,0.6,0.65,0.6,0.65,0.65,17900.0
2010-10-29,0.65,0.7,0.65,0.65,0.65,13900.0
2010-11-01,0.65,0.65,0.65,0.65,0.65,8900.0
2010-11-02,0.7,0.8,0.65,0.8,0.8,67300.0
2010-11-03,0.8,0.9,0.8,0.85,0.85,25700.0
2010-11-04,0.85,1.0,0.8,0.95,0.95,60000.0
2010-11-05,0.95,1.05,0.95,1.0,1.0,64600.0
2010-11-08,1.0,1.0,0.9,0.9,0.9,23700.0
2010-11-09,0.9,0.95,0.9,0.9,0.9,8200.0
2010-11-10,0.9,0.95,0.9,0.9,0.9,15100.0
2010-11-11,0.9,0.95,0.9,0.95,0.95,7900.0
2010-11-12,0.9,0.95,0.9,0.95,0.95,21600.0
2010-11-15,0.95,1.0,0.95,0.95,0.95,20300.0
2010-11-16,0.95,1.0,0.95,1.0,1.0,8500.0
2010-11-17,0.95,1.0,0.95,0.95,0.95,8400.0
2010-11-18,0.95,1.0,0.95,0.95,0.95,11100.0
2010-11-19,0.95,1.0,0.95,0.95,0.95,8100.0
2010-11-22,0.95,1.0,0.95,0.95,0.95,2800.0
2010-11-23,1.0,1.05,0.95,1.05,1.05,72100.0
2010-11-24,1.05,1.35,1.05,1.15,1.15,63500.0
2010-11-26,1.15,1.3,1.15,1.25,1.25,37900.0
2010-11-29,1.25,1.4,1.25,1.35,1.35,32200.0
2010-11-30,1.35,1.45,1.35,1.35,1.35,41900.0
2010-12-01,1.4,1.4,1.3,1.4,1.4,20400.0
2010-12-02,1.4,1.4,1.3,1.3,1.3,24400.0
2010-12-03,1.3,1.5,1.3,1.5,1.5,27200.0
2010-12-06,1.4,1.5,1.35,1.5,1.5,53600.0
2010-12-07,1.4,1.5,1.35,1.4,1.4,54500.0
2010-12-08,1.4,1.4,1.35,1.35,1.35,24300.0
2010-12-09,1.35,1.4,1.3,1.3,1.3,50500.0
2010-12-10,1.25,1.25,0.75,0.9,0.9,99900.0
2010-12-13,0.9,0.95,0.9,0.9,0.9,12500.0
2010-12-14,0.9,0.95,0.9,0.9,0.9,14800.0
2010-12-15,0.9,0.9,0.6,0.65,0.65,140800.0
2010-12-16,0.65,0.65,0.55,0.6,0.6,86800.0
2010-12-17,0.6,0.6,0.55,0.6,0.6,46100.0
2010-12-20,0.55,0.55,0.55,0.55,0.55,39500.0
2010-12-21,0.6,0.6,0.5,0.5,0.5,340900.0
2010-12-22,0.5,0.7,0.5,0.6,0.6,53000.0
2010-12-23,0.6,0.65,0.6,0.6,0.6,42200.0
2010-12-27,0.6,0.6,0.6,0.6,0.6,28200.0
2010-12-28,0.55,0.6,0.55,0.55,0.55,29800.0
2010-12-29,0.55,0.6,0.55,0.6,0.6,35900.0
2010-12-30,0.6,0.6,0.6,0.6,0.6,37400.0
2010-12-31,0.6,0.65,0.5,0.6,0.6,119100.0
2011-01-03,0.6,0.6,0.55,0.55,0.55,17000.0
2011-01-04,0.55,0.6,0.55,0.6,0.6,5800.0
2011-01-05,0.55,0.6,0.55,0.6,0.6,3300.0
2011-01-06,0.6,0.6,0.55,0.55,0.55,2500.0
2011-01-07,0.55,0.6,0.55,0.6,0.6,15800.0
2011-01-10,0.6,0.65,0.6,0.6,0.6,7900.0
2011-01-11,0.6,0.65,0.55,0.6,0.6,11300.0
2011-01-12,0.6,0.75,0.6,0.6,0.6,38000.0
2011-01-13,0.6,0.7,0.55,0.6,0.6,15400.0
2011-01-14,0.55,0.6,0.55,0.6,0.6,8800.0
2011-01-18,0.55,0.6,0.55,0.55,0.55,27800.0
2011-01-19,0.55,0.55,0.55,0.55,0.55,6600.0
2011-01-20,0.6,0.6,0.55,0.55,0.55,1500.0
2011-01-21,0.6,0.6,0.55,0.55,0.55,10500.0
2011-01-24,0.55,0.6,0.55,0.55,0.55,2100.0
2011-01-25,0.55,0.6,0.55,0.55,0.55,8900.0
2011-01-26,0.55,0.55,0.55,0.55,0.55,11900.0
2011-01-27,0.55,0.6,0.55,0.55,0.55,3800.0
2011-01-28,0.6,0.6,0.55,0.55,0.55,2200.0
2011-01-31,0.6,0.6,0.55,0.55,0.55,3800.0
2011-02-01,0.55,0.6,0.55,0.55,0.55,17500.0
2011-02-02,0.6,0.6,0.55,0.55,0.55,8500.0
2011-02-03,0.55,0.6,0.55,0.55,0.55,3300.0
2011-02-04,0.55,0.6,0.55,0.6,0.6,1000.0
2011-02-07,0.55,0.65,0.55,0.55,0.55,4100.0
2011-02-08,0.55,0.6,0.55,0.6,0.6,20900.0
2011-02-09,0.55,0.6,0.55,0.55,0.55,3700.0
2011-02-10,0.55,0.65,0.55,0.55,0.55,6200.0
2011-02-11,0.55,0.65,0.55,0.6,0.6,5400.0
2011-02-14,0.65,0.65,0.55,0.6,0.6,5500.0
2011-02-15,0.55,0.65,0.55,0.6,0.6,4200.0
2011-02-16,0.6,0.6,0.6,0.6,0.6,9200.0
2011-02-17,0.6,0.6,0.55,0.6,0.6,3300.0
2011-02-18,0.55,0.6,0.55,0.55,0.55,6200.0
2011-02-22,0.55,0.6,0.55,0.55,0.55,8300.0
2011-02-23,0.6,0.6,0.55,0.6,0.6,10500.0
2011-02-24,0.6,0.6,0.6,0.6,0.6,21000.0
2011-02-25,0.6,0.6,0.6,0.6,0.6,6000.0
2011-02-28,0.6,0.6,0.6,0.6,0.6,31300.0
2011-03-01,0.6,0.6,0.6,0.6,0.6,4800.0
2011-03-02,0.6,0.65,0.6,0.6,0.6,5300.0
2011-03-03,0.6,0.65,0.6,0.6,0.6,4200.0
2011-03-04,0.6,0.65,0.6,0.6,0.6,6000.0
2011-03-07,0.6,0.65,0.6,0.6,0.6,12600.0
2011-03-08,0.6,0.65,0.6,0.6,0.6,7700.0
2011-03-09,0.6,0.6,0.6,0.6,0.6,6600.0
2011-03-10,0.6,0.6,0.6,0.6,0.6,1400.0
2011-03-11,0.6,0.6,0.6,0.6,0.6,1400.0
2011-03-14,0.6,0.65,0.6,0.6,0.6,3900.0
2011-03-15,0.6,0.65,0.6,0.65,0.65,10900.0
2011-03-16,0.65,0.65,0.6,0.6,0.6,14200.0
2011-03-17,0.65,0.65,0.6,0.6,0.6,4700.0
2011-03-18,0.6,0.6,0.6,0.6,0.6,3900.0
2011-03-21,0.6,0.65,0.55,0.55,0.55,14600.0
2011-03-22,0.55,0.6,0.55,0.55,0.55,14500.0
2011-03-23,0.6,0.6,0.55,0.55,0.55,13200.0
2011-03-24,0.55,0.6,0.55,0.55,0.55,11500.0
2011-03-25,0.55,0.6,0.55,0.55,0.55,18000.0
2011-03-28,0.55,0.6,0.55,0.55,0.55,14700.0
2011-03-29,0.55,0.55,0.55,0.55,0.55,20400.0
2011-03-30,0.55,0.55,0.55,0.55,0.55,17900.0
2011-03-31,0.55,0.6,0.55,0.6,0.6,46900.0
2011-04-01,0.6,0.65,0.6,0.6,0.6,50700.0
2011-04-04,0.6,0.6,0.6,0.6,0.6,9200.0
2011-04-05,0.6,0.65,0.6,0.65,0.65,26200.0
2011-04-06,0.7,0.8,0.65,0.75,0.75,45700.0
2011-04-07,0.8,0.9,0.75,0.85,0.85,54300.0
2011-04-08,0.85,1.2,0.85,1.05,1.05,189900.0
2011-04-11,1.1,1.2,0.9,0.9,0.9,44600.0
2011-04-12,1.05,1.05,0.85,0.85,0.85,10000.0
2011-04-13,0.85,0.95,0.85,0.85,0.85,6100.0
2011-04-14,0.85,0.95,0.8,0.8,0.8,9100.0
2011-04-15,0.8,0.9,0.8,0.8,0.8,20900.0
2011-04-18,0.85,0.85,0.8,0.8,0.8,64100.0
2011-04-19,0.8,0.85,0.8,0.8,0.8,4400.0
2011-04-20,0.8,0.85,0.8,0.8,0.8,2700.0
2011-04-21,0.8,0.8,0.8,0.8,0.8,7700.0
2011-04-25,0.8,0.85,0.8,0.8,0.8,18300.0
2011-04-26,0.8,0.9,0.8,0.9,0.9,15700.0
2011-04-27,0.85,0.95,0.85,0.85,0.85,8000.0
2011-04-28,0.95,0.95,0.85,0.85,0.85,2200.0
2011-04-29,0.85,0.85,0.85,0.85,0.85,2400.0
2011-05-02,0.85,0.85,0.8,0.85,0.85,10800.0
2011-05-03,0.85,0.9,0.85,0.85,0.85,6000.0
2011-05-04,0.85,0.85,0.8,0.8,0.8,23200.0
2011-05-05,0.8,0.85,0.8,0.8,0.8,6800.0
2011-05-06,0.8,0.85,0.8,0.8,0.8,3000.0
2011-05-09,0.8,0.85,0.8,0.85,0.85,15800.0
2011-05-10,0.85,0.95,0.85,0.85,0.85,1000.0
2011-05-11,0.8,0.9,0.8,0.85,0.85,2900.0
2011-05-12,0.85,0.9,0.85,0.85,0.85,5600.0
2011-05-13,0.85,0.85,0.8,0.8,0.8,5200.0
2011-05-16,0.8,0.8,0.8,0.8,0.8,9000.0
2011-05-17,0.8,0.85,0.8,0.8,0.8,12400.0
2011-05-18,0.8,0.85,0.8,0.8,0.8,26100.0
2011-05-19,0.8,0.8,0.8,0.8,0.8,5900.0
2011-05-20,0.8,0.8,0.8,0.8,0.8,2700.0
2011-05-23,0.8,0.8,0.8,0.8,0.8,2900.0
2011-05-24,0.8,0.85,0.8,0.8,0.8,14500.0
2011-05-25,0.8,0.8,0.75,0.75,0.75,23100.0
2011-05-26,0.8,0.8,0.75,0.75,0.75,7800.0
2011-05-27,0.75,0.75,0.75,0.75,0.75,11100.0
2011-05-31,0.75,0.75,0.6,0.65,0.65,83900.0
2011-06-01,0.65,0.65,0.6,0.65,0.65,10200.0
2011-06-02,0.65,0.7,0.65,0.65,0.65,2500.0
2011-06-03,0.65,0.7,0.6,0.7,0.7,10000.0
2011-06-06,0.7,0.7,0.6,0.6,0.6,8200.0
2011-06-07,0.6,0.7,0.6,0.7,0.7,5800.0
2011-06-08,0.65,0.65,0.6,0.6,0.6,4800.0
2011-06-09,0.6,0.6,0.55,0.55,0.55,9100.0
2011-06-10,0.55,0.6,0.55,0.6,0.6,18000.0
2011-06-13,0.55,0.65,0.55,0.65,0.65,1800.0
2011-06-14,0.55,0.65,0.55,0.65,0.65,1500.0
2011-06-15,0.55,0.6,0.5,0.55,0.55,12800.0
2011-06-16,0.6,0.6,0.55,0.6,0.6,8000.0
2011-06-17,0.6,0.6,0.6,0.6,0.6,5700.0
2011-06-20,0.6,0.6,0.6,0.6,0.6,2000.0
2011-06-21,0.6,0.6,0.6,0.6,0.6,4600.0
2011-06-22,0.6,0.6,0.6,0.6,0.6,3100.0
2011-06-23,0.6,0.6,0.55,0.55,0.55,16500.0
2011-06-24,0.6,0.6,0.55,0.55,0.55,20900.0
2011-06-27,0.55,0.6,0.55,0.55,0.55,8600.0
2011-06-28,0.6,0.7,0.6,0.65,0.65,17200.0
2011-06-29,0.6,0.85,0.6,0.7,0.7,28600.0
2011-06-30,0.7,0.7,0.7,0.7,0.7,2200.0
2011-07-01,0.7,0.7,0.7,0.7,0.7,5600.0
2011-07-05,0.7,0.7,0.7,0.7,0.7,2800.0
2011-07-06,0.7,0.75,0.7,0.7,0.7,10600.0
2011-07-07,0.7,0.7,0.7,0.7,0.7,9300.0
2011-07-08,0.7,0.7,0.65,0.65,0.65,13600.0
2011-07-11,0.7,0.7,0.65,0.65,0.65,13300.0
2011-07-12,0.7,0.75,0.7,0.7,0.7,10300.0
2011-07-13,0.75,0.75,0.7,0.7,0.7,32900.0
2011-07-14,0.7,0.75,0.7,0.7,0.7,14800.0
2011-07-15,0.7,0.75,0.7,0.75,0.75,3900.0
2011-07-18,0.8,0.8,0.7,0.75,0.75,23600.0
2011-07-19,0.75,0.75,0.7,0.7,0.7,2500.0
2011-07-20,0.65,0.75,0.65,0.7,0.7,8600.0
2011-07-21,0.7,0.75,0.7,0.7,0.7,4900.0
2011-07-22,0.75,0.75,0.75,0.75,0.75,5600.0
2011-07-25,0.75,0.75,0.75,0.75,0.75,4800.0
2011-07-26,0.75,0.75,0.75,0.75,0.75,7700.0
2011-07-27,0.75,0.75,0.7,0.7,0.7,27700.0
2011-07-28,0.7,0.7,0.7,0.7,0.7,11700.0
2011-07-29,0.7,0.7,0.7,0.7,0.7,1200.0
2011-08-01,0.7,0.7,0.7,0.7,0.7,1400.0
2011-08-02,0.7,0.7,0.7,0.7,0.7,2000.0
2011-08-03,0.7,0.7,0.7,0.7,0.7,5100.0
2011-08-04,0.7,0.7,0.55,0.65,0.65,69100.0
2011-08-05,0.65,0.65,0.55,0.55,0.55,9900.0
2011-08-08,0.6,0.6,0.55,0.55,0.55,35200.0
2011-08-09,0.55,0.6,0.55,0.55,0.55,6000.0
2011-08-10,0.55,0.6,0.55,0.55,0.55,16600.0
2011-08-11,0.55,0.55,0.55,0.55,0.55,9000.0
2011-08-12,0.6,0.6,0.5,0.55,0.55,10700.0
2011-08-15,0.55,0.6,0.55,0.6,0.6,3800.0
2011-08-16,0.6,0.65,0.55,0.65,0.65,9600.0
2011-08-17,0.65,0.7,0.65,0.65,0.65,3200.0
2011-08-18,0.65,0.7,0.6,0.65,0.65,14300.0
2011-08-19,0.6,0.7,0.6,0.6,0.6,2800.0
2011-08-22,0.65,0.65,0.6,0.6,0.6,22400.0
2011-08-23,0.6,0.6,0.55,0.55,0.55,18600.0
2011-08-24,0.55,0.6,0.55,0.55,0.55,13400.0
2011-08-25,0.65,0.7,0.55,0.65,0.65,39900.0
2011-08-26,0.6,0.65,0.6,0.65,0.65,200.0
2011-08-29,0.65,0.7,0.65,0.65,0.65,2400.0
2011-08-30,0.65,0.7,0.65,0.7,0.7,3900.0
2011-08-31,0.7,0.7,0.7,0.7,0.7,3500.0
2011-09-01,0.7,0.7,0.7,0.7,0.7,11000.0
2011-09-02,0.7,0.7,0.7,0.7,0.7,4700.0
2011-09-06,0.7,0.7,0.65,0.7,0.7,67000.0
2011-09-07,0.7,0.75,0.7,0.75,0.75,52600.0
2011-09-08,0.75,0.8,0.75,0.8,0.8,12900.0
2011-09-09,0.75,0.8,0.75,0.8,0.8,4300.0
2011-09-12,0.75,0.75,0.75,0.75,0.75,1900.0
2011-09-13,0.75,0.85,0.75,0.85,0.85,13900.0
2011-09-14,0.8,0.9,0.8,0.8,0.8,14900.0
2011-09-15,0.8,0.9,0.8,0.8,0.8,13200.0
2011-09-16,0.75,0.85,0.75,0.85,0.85,21500.0
2011-09-19,0.75,0.85,0.75,0.75,0.75,13800.0
2011-09-20,0.8,0.8,0.75,0.8,0.8,6400.0
2011-09-21,0.8,0.85,0.75,0.75,0.75,15100.0
2011-09-22,0.75,0.8,0.75,0.75,0.75,22100.0
2011-09-23,0.75,0.8,0.75,0.75,0.75,8500.0
2011-09-26,0.75,0.8,0.75,0.8,0.8,2400.0
2011-09-27,0.8,0.8,0.8,0.8,0.8,3600.0
2011-09-28,0.8,0.9,0.8,0.85,0.85,16300.0
2011-09-29,0.85,0.9,0.85,0.85,0.85,5100.0
2011-09-30,0.85,0.9,0.85,0.85,0.85,12500.0
2011-10-03,0.85,0.85,0.8,0.8,0.8,12900.0
2011-10-04,0.8,0.95,0.8,0.9,0.9,58500.0
2011-10-05,0.8,0.8,0.7,0.75,0.75,115200.0
2011-10-06,0.75,0.8,0.75,0.75,0.75,9200.0
2011-10-07,0.8,0.8,0.7,0.75,0.75,45700.0
2011-10-10,0.75,0.75,0.7,0.7,0.7,20000.0
2011-10-11,0.7,0.7,0.65,0.65,0.65,17900.0
2011-10-12,0.7,0.7,0.65,0.7,0.7,16900.0
2011-10-13,0.7,0.7,0.7,0.7,0.7,3400.0
2011-10-14,0.7,0.75,0.7,0.75,0.75,12300.0
2011-10-17,0.75,0.75,0.75,0.75,0.75,7400.0
2011-10-18,0.75,0.75,0.7,0.7,0.7,18600.0
2011-10-19,0.7,0.7,0.7,0.7,0.7,15800.0
2011-10-20,0.7,0.7,0.7,0.7,0.7,5000.0
2011-10-21,0.7,0.7,0.7,0.7,0.7,13000.0
2011-10-24,0.7,0.7,0.7,0.7,0.7,3300.0
2011-10-25,0.7,0.7,0.7,0.7,0.7,5900.0
2011-10-26,0.7,0.7,0.7,0.7,0.7,4400.0
2011-10-27,0.7,0.7,0.7,0.7,0.7,37500.0
2011-10-28,0.7,0.7,0.7,0.7,0.7,4100.0
2011-10-31,0.7,0.7,0.7,0.7,0.7,7700.0
2011-11-01,0.7,0.7,0.7,0.7,0.7,5100.0
2011-11-02,0.7,0.7,0.7,0.7,0.7,400.0
2011-11-03,0.7,0.7,0.7,0.7,0.7,8600.0
2011-11-04,0.7,0.7,0.7,0.7,0.7,21700.0
2011-11-07,0.7,0.7,0.7,0.7,0.7,11800.0
2011-11-08,0.7,0.7,0.7,0.7,0.7,58300.0
2011-11-09,0.7,0.75,0.7,0.75,0.75,37800.0
2011-11-10,0.75,0.8,0.75,0.8,0.8,35600.0
2011-11-11,0.8,0.9,0.8,0.9,0.9,10200.0
2011-11-14,0.8,0.9,0.8,0.85,0.85,18100.0
2011-11-15,0.8,0.95,0.8,0.9,0.9,45100.0
2011-11-16,0.9,0.9,0.85,0.9,0.9,16300.0
2011-11-17,0.9,0.9,0.85,0.85,0.85,35800.0
2011-11-18,0.85,0.95,0.85,0.9,0.9,11300.0
2011-11-21,0.9,1.1,0.9,1.1,1.1,302600.0
2011-11-22,1.05,1.4,1.05,1.35,1.35,125100.0
2011-11-23,1.35,1.7,1.3,1.4,1.4,218300.0
2011-11-25,1.4,1.45,1.15,1.25,1.25,41200.0
2011-11-28,1.3,1.4,1.15,1.3,1.3,65900.0
2011-11-29,1.15,1.2,1.0,1.0,1.0,93100.0
2011-11-30,1.0,1.1,0.9,0.9,0.9,40300.0
2011-12-01,0.9,1.0,0.9,0.95,0.95,7800.0
2011-12-02,1.0,1.0,0.9,0.95,0.95,51900.0
2011-12-05,0.95,0.95,0.95,0.95,0.95,16100.0
2011-12-06,0.95,0.95,0.9,0.95,0.95,34100.0
2011-12-07,0.9,1.05,0.9,1.05,1.05,32500.0
2011-12-08,0.95,1.05,0.95,0.95,0.95,23800.0
2011-12-09,0.9,0.95,0.9,0.9,0.9,22800.0
2011-12-12,0.9,0.95,0.9,0.9,0.9,42400.0
2011-12-13,0.9,0.95,0.85,0.95,0.95,11800.0
2011-12-14,0.9,0.9,0.9,0.9,0.9,2600.0
2011-12-15,0.9,1.05,0.9,0.9,0.9,70700.0
2011-12-16,0.9,0.95,0.9,0.95,0.95,4500.0
2011-12-19,0.95,0.95,0.9,0.9,0.9,20200.0
2011-12-20,0.9,0.95,0.9,0.9,0.9,24400.0
2011-12-21,0.9,0.95,0.9,0.9,0.9,15600.0
2011-12-22,0.9,0.9,0.85,0.9,0.9,24300.0
2011-12-23,0.85,0.85,0.85,0.85,0.85,16400.0
2011-12-27,0.85,0.9,0.85,0.85,0.85,37700.0
2011-12-28,0.85,0.9,0.85,0.85,0.85,65600.0
2011-12-29,0.9,0.9,0.8,0.85,0.85,69400.0
2011-12-30,0.8,0.85,0.8,0.85,0.85,81400.0
2012-01-03,0.8,0.9,0.8,0.9,0.9,15600.0
2012-01-04,0.9,0.9,0.9,0.9,0.9,2500.0
2012-01-05,0.95,1.25,0.95,1.15,1.15,47100.0
2012-01-06,1.25,1.3,1.1,1.25,1.25,29200.0
2012-01-09,1.35,1.45,1.25,1.45,1.45,35100.0
2012-01-10,1.5,1.55,1.3,1.35,1.35,21100.0
2012-01-11,1.35,1.4,1.35,1.35,1.35,7500.0
2012-01-12,1.4,1.45,1.35,1.4,1.4,13500.0
2012-01-13,1.4,1.45,1.35,1.35,1.35,8200.0
2012-01-17,1.3,1.4,1.3,1.4,1.4,7100.0
2012-01-18,1.45,1.5,1.4,1.45,1.45,38000.0
2012-01-19,1.45,1.55,1.45,1.5,1.5,44500.0
2012-01-20,1.5,1.6,1.5,1.55,1.55,16300.0
2012-01-23,1.6,1.6,1.5,1.5,1.5,2100.0
2012-01-24,1.6,1.6,1.45,1.45,1.45,22300.0
2012-01-25,1.45,1.5,1.4,1.45,1.45,6400.0
2012-01-26,1.5,1.5,1.5,1.5,1.5,3200.0
2012-01-27,1.5,1.5,1.45,1.5,1.5,8500.0
2012-01-30,1.4,1.5,1.4,1.45,1.45,10700.0
2012-01-31,1.45,1.5,1.35,1.5,1.5,9300.0
2012-02-01,1.35,1.35,1.35,1.35,1.35,1000.0
2012-02-02,1.35,1.5,1.35,1.4,1.4,1500.0
2012-02-03,1.35,1.5,1.35,1.4,1.4,8900.0
2012-02-06,1.4,1.5,1.4,1.45,1.45,4300.0
2012-02-07,1.45,1.6,1.45,1.6,1.6,27000.0
2012-02-08,1.6,1.9,1.6,1.8,1.8,99900.0
2012-02-09,1.75,1.95,1.75,1.9,1.9,26500.0
2012-02-10,2.0,2.05,1.9,1.9,1.9,52000.0
2012-02-13,1.95,2.1,1.95,2.1,2.1,24700.0
2012-02-14,2.0,2.15,2.0,2.15,2.15,27400.0
2012-02-15,2.1,2.25,1.95,2.1,2.1,86100.0
2012-02-16,1.9,2.1,1.9,1.9,1.9,4800.0
2012-02-17,1.95,2.1,1.95,2.1,2.1,7700.0
2012-02-21,2.15,2.25,2.1,2.25,2.25,29100.0
2012-02-22,2.25,2.25,1.95,2.1,2.1,27800.0
2012-02-23,2.0,2.1,2.0,2.0,2.0,2800.0
2012-02-24,2.1,2.15,2.05,2.1,2.1,7900.0
2012-02-27,2.15,2.15,2.05,2.15,2.15,5400.0
2012-02-28,2.05,2.15,2.05,2.1,2.1,1100.0
2012-02-29,2.1,2.15,2.1,2.1,2.1,6400.0
2012-03-01,2.1,2.15,2.1,2.1,2.1,7700.0
2012-03-02,2.1,2.1,2.05,2.05,2.05,6500.0
2012-03-05,2.05,2.15,2.05,2.15,2.15,23800.0
2012-03-06,2.1,2.15,2.1,2.15,2.15,6400.0
2012-03-07,2.15,2.4,2.15,2.4,2.4,44900.0
2012-03-08,2.3,2.5,2.3,2.45,2.45,16500.0
2012-03-09,2.35,2.45,2.35,2.45,2.45,4800.0
2012-03-12,2.45,2.45,2.4,2.45,2.45,7100.0
2012-03-13,2.5,2.5,2.35,2.45,2.45,8000.0
2012-03-14,2.35,2.5,2.35,2.45,2.45,5700.0
2012-03-15,2.35,2.45,2.35,2.35,2.35,7300.0
2012-03-16,2.35,2.35,2.25,2.25,2.25,7100.0
2012-03-19,2.25,2.35,2.25,2.25,2.25,6000.0
2012-03-20,2.25,2.25,2.0,2.05,2.05,18700.0
2012-03-21,2.05,2.05,1.75,2.0,2.0,26900.0
2012-03-22,1.75,2.0,1.75,2.0,2.0,9700.0
2012-03-23,1.9,1.9,1.85,1.85,1.85,8800.0
2012-03-26,1.8,1.9,1.8,1.8,1.8,10800.0
2012-03-27,1.8,2.0,1.8,2.0,2.0,5600.0
2012-03-28,1.8,2.15,1.8,2.05,2.05,18100.0
2012-03-29,2.05,2.25,2.05,2.15,2.15,13600.0
2012-03-30,2.3,2.55,2.1,2.2,2.2,94100.0
2012-04-02,2.2,2.5,2.15,2.3,2.3,26000.0
2012-04-03,2.3,2.3,2.15,2.25,2.25,4000.0
2012-04-04,2.15,2.15,2.15,2.15,2.15,3400.0
2012-04-05,2.15,2.45,2.15,2.15,2.15,6900.0
2012-04-09,2.3,2.45,2.3,2.35,2.35,11200.0
2012-04-10,2.35,2.4,2.3,2.4,2.4,6200.0
2012-04-11,2.4,2.4,2.1,2.25,2.25,17200.0
2012-04-12,2.1,2.4,2.1,2.25,2.25,4100.0
2012-04-13,2.1,2.25,2.1,2.25,2.25,6400.0
2012-04-16,2.25,2.25,2.1,2.15,2.15,3200.0
2012-04-17,2.1,2.25,1.9,2.25,2.25,11300.0
2012-04-18,1.95,2.25,1.95,2.25,2.25,3000.0
2012-04-19,2.2,2.2,1.95,1.95,1.95,2400.0
2012-04-20,1.95,2.0,1.95,1.95,1.95,3600.0
2012-04-23,1.95,1.95,1.9,1.9,1.9,6400.0
2012-04-24,1.9,1.9,1.85,1.85,1.85,7600.0
2012-04-25,1.85,1.85,1.75,1.75,1.75,19400.0
2012-04-26,1.7,1.75,1.65,1.75,1.75,16200.0
2012-04-27,1.65,2.2,1.65,2.1,2.1,53600.0
2012-04-30,1.9,1.9,1.7,1.8,1.8,12200.0
2012-05-01,1.8,1.8,1.6,1.7,1.7,14600.0
2012-05-02,1.7,1.75,1.7,1.7,1.7,5300.0
2012-05-03,1.7,2.0,1.7,2.0,2.0,12800.0
2012-05-04,1.8,2.0,1.75,2.0,2.0,6000.0
2012-05-07,1.8,2.1,1.8,1.8,1.8,69400.0
2012-05-08,1.8,1.95,1.6,1.65,1.65,45000.0
2012-05-09,1.6,1.75,1.6,1.75,1.75,8000.0
2012-05-10,1.65,1.75,1.65,1.75,1.75,1400.0
2012-05-11,1.75,2.0,1.6,1.65,1.65,17200.0
2012-05-14,1.6,2.0,1.6,1.9,1.9,2300.0
2012-05-15,1.7,1.9,1.7,1.9,1.9,1300.0
2012-05-16,1.65,1.65,1.25,1.5,1.5,84300.0
2012-05-17,1.4,1.6,1.4,1.6,1.6,18000.0
2012-05-18,1.6,1.65,1.5,1.65,1.65,3800.0
2012-05-21,1.65,1.75,1.45,1.45,1.45,10100.0
2012-05-22,1.45,1.6,1.45,1.5,1.5,5800.0
2012-05-23,1.6,1.65,1.45,1.65,1.65,2400.0
2012-05-24,1.65,1.65,1.65,1.65,1.65,0.0
2012-05-25,1.45,1.5,1.4,1.4,1.4,8900.0
2012-05-29,1.4,1.4,1.4,1.4,1.4,300.0
2012-05-30,1.4,1.5,1.4,1.45,1.45,2100.0
2012-05-31,1.45,1.5,1.45,1.45,1.45,4900.0
2012-06-01,1.65,1.65,1.45,1.65,1.65,2600.0
2012-06-04,1.65,1.65,1.45,1.45,1.45,7300.0
2012-06-05,1.45,1.45,1.35,1.4,1.4,20500.0
2012-06-06,1.4,1.5,1.4,1.4,1.4,6600.0
2012-06-07,1.4,1.45,1.4,1.4,1.4,2700.0
2012-06-08,1.4,1.4,1.4,1.4,1.4,800.0
2012-06-11,1.4,1.65,1.4,1.4,1.4,11700.0
2012-06-12,1.45,1.45,1.35,1.4,1.4,20000.0
2012-06-13,1.4,1.45,1.35,1.45,1.45,6400.0
2012-06-14,1.35,1.45,1.25,1.35,1.35,11600.0
2012-06-15,1.35,1.65,1.35,1.65,1.65,26000.0
2012-06-18,1.5,1.55,1.4,1.45,1.45,5500.0
2012-06-19,1.4,1.4,1.35,1.4,1.4,5200.0
2012-06-20,1.35,1.45,1.3,1.35,1.35,24500.0
2012-06-21,1.35,1.45,1.35,1.4,1.4,10600.0
2012-06-22,1.4,1.4,1.4,1.4,1.4,100.0
2012-06-25,1.4,1.45,1.4,1.4,1.4,3200.0
2012-06-26,1.4,1.4,1.35,1.35,1.35,6900.0
2012-06-27,1.35,1.45,1.35,1.4,1.4,6700.0
2012-06-28,1.4,1.4,1.35,1.35,1.35,1900.0
2012-06-29,1.45,1.45,1.35,1.4,1.4,2700.0
2012-07-02,1.35,1.4,1.35,1.35,1.35,5800.0
2012-07-03,1.35,1.4,1.35,1.35,1.35,7800.0
2012-07-05,1.35,1.35,1.3,1.35,1.35,14300.0
2012-07-06,1.35,1.4,1.35,1.4,1.4,1900.0
2012-07-09,1.35,1.35,1.35,1.35,1.35,400.0
2012-07-10,1.35,1.4,1.35,1.35,1.35,31300.0
2012-07-11,1.35,1.35,1.35,1.35,1.35,1000.0
2012-07-12,1.35,1.35,1.35,1.35,1.35,7700.0
2012-07-13,1.35,1.35,1.35,1.35,1.35,2400.0
2012-07-16,1.35,1.35,1.3,1.3,1.3,4000.0
2012-07-17,1.4,1.4,1.3,1.3,1.3,4800.0
2012-07-18,1.3,1.3,1.3,1.3,1.3,7500.0
2012-07-19,1.3,1.3,1.3,1.3,1.3,25300.0
2012-07-20,1.3,1.3,1.3,1.3,1.3,11700.0
2012-07-23,1.25,1.25,1.25,1.25,1.25,32200.0
2012-07-24,1.25,1.4,1.25,1.4,1.4,8300.0
2012-07-25,1.25,1.25,1.15,1.15,1.15,15700.0
2012-07-26,1.15,1.2,1.15,1.15,1.15,7100.0
2012-07-27,1.15,1.3,1.15,1.15,1.15,3700.0
2012-07-30,1.15,1.25,1.15,1.15,1.15,6300.0
2012-07-31,1.25,1.25,1.15,1.2,1.2,4800.0
2012-08-01,1.15,1.15,1.15,1.15,1.15,400.0
2012-08-02,1.15,1.2,1.15,1.15,1.15,4700.0
2012-08-03,1.15,1.25,1.15,1.15,1.15,6400.0
2012-08-06,1.15,1.15,1.15,1.15,1.15,2200.0
2012-08-07,1.15,1.25,1.15,1.15,1.15,5800.0
2012-08-08,1.15,1.45,1.15,1.45,1.45,12900.0
2012-08-09,1.25,1.45,1.25,1.45,1.45,1000.0
2012-08-10,1.25,1.45,1.2,1.45,1.45,4900.0
2012-08-13,1.2,1.4,1.2,1.4,1.4,9600.0
2012-08-14,1.25,1.55,1.25,1.55,1.55,21200.0
2012-08-15,1.3,1.55,1.3,1.55,1.55,2900.0
2012-08-16,1.3,1.5,1.3,1.5,1.5,3500.0
2012-08-17,1.3,1.5,1.3,1.5,1.5,1100.0
2012-08-20,1.4,1.65,1.4,1.5,1.5,18400.0
2012-08-21,1.4,1.5,1.4,1.4,1.4,2100.0
2012-08-22,1.4,1.5,1.4,1.5,1.5,2700.0
2012-08-23,1.35,1.35,1.35,1.35,1.35,2500.0
2012-08-24,1.35,1.35,1.3,1.3,1.3,2900.0
2012-08-27,1.35,1.35,1.35,1.35,1.35,2200.0
2012-08-28,1.35,1.35,1.25,1.35,1.35,20300.0
2012-08-29,1.3,1.4,1.3,1.35,1.35,7100.0
2012-08-30,1.35,1.45,1.35,1.45,1.45,2700.0
2012-08-31,1.35,1.45,1.35,1.35,1.35,17000.0
2012-09-04,1.35,1.45,1.35,1.35,1.35,3400.0
2012-09-05,1.35,1.45,1.3,1.4,1.4,6800.0
2012-09-06,1.4,1.45,1.4,1.4,1.4,1100.0
2012-09-07,1.4,1.4,1.4,1.4,1.4,1300.0
2012-09-10,1.4,1.4,1.35,1.4,1.4,6300.0
2012-09-11,1.4,1.4,1.35,1.35,1.35,2600.0
2012-09-12,1.35,1.35,1.35,1.35,1.35,7700.0
2012-09-13,1.35,1.4,1.3,1.3,1.3,2400.0
2012-09-14,1.3,1.4,1.3,1.35,1.35,3000.0
2012-09-17,1.35,1.5,1.35,1.4,1.4,3400.0
2012-09-18,1.4,1.6,1.4,1.6,1.6,4900.0
2012-09-19,1.5,1.55,1.45,1.45,1.45,16700.0
2012-09-20,1.45,1.5,1.45,1.45,1.45,4000.0
2012-09-21,1.45,1.5,1.45,1.45,1.45,18600.0
2012-09-24,1.5,1.5,1.45,1.45,1.45,3400.0
2012-09-25,1.45,1.45,1.45,1.45,1.45,1000.0
2012-09-26,1.45,1.45,1.45,1.45,1.45,2900.0
2012-09-27,1.45,1.5,1.45,1.45,1.45,2700.0
2012-09-28,1.45,1.5,1.4,1.45,1.45,10900.0
2012-10-01,1.45,1.45,1.45,1.45,1.45,8800.0
2012-10-02,1.45,1.5,1.45,1.45,1.45,5600.0
2012-10-03,1.45,1.45,1.45,1.45,1.45,1400.0
2012-10-04,1.45,1.45,1.35,1.4,1.4,14300.0
2012-10-05,1.35,1.4,1.35,1.4,1.4,8500.0
2012-10-08,1.35,1.35,1.35,1.35,1.35,1700.0
2012-10-09,1.35,1.4,1.35,1.35,1.35,5700.0
2012-10-10,1.35,1.35,1.3,1.3,1.3,6700.0
2012-10-11,1.3,1.3,1.3,1.3,1.3,1100.0
2012-10-12,1.3,1.3,1.3,1.3,1.3,2200.0
2012-10-15,1.3,1.3,1.3,1.3,1.3,800.0
2012-10-16,1.3,1.35,1.3,1.3,1.3,22300.0
2012-10-17,1.35,1.4,1.25,1.25,1.25,21000.0
2012-10-18,1.25,1.4,1.25,1.4,1.4,1500.0
2012-10-19,1.25,1.35,1.25,1.3,1.3,30200.0
2012-10-22,1.3,1.3,1.3,1.3,1.3,3700.0
2012-10-23,1.35,1.35,1.25,1.3,1.3,19400.0
2012-10-24,1.4,1.4,1.3,1.3,1.3,6200.0
2012-10-25,1.3,1.3,1.25,1.25,1.25,6100.0
2012-10-26,1.25,1.3,1.25,1.3,1.3,4300.0
2012-10-31,1.3,1.3,1.3,1.3,1.3,1200.0
2012-11-01,1.35,1.4,1.3,1.3,1.3,7400.0
2012-11-02,1.3,1.4,1.3,1.3,1.3,4600.0
2012-11-05,1.25,1.25,1.25,1.25,1.25,5700.0
2012-11-06,1.3,1.4,1.3,1.3,1.3,10500.0
2012-11-07,1.3,1.3,1.3,1.3,1.3,8300.0
2012-11-08,1.3,1.3,1.25,1.25,1.25,43000.0
2012-11-09,1.25,1.3,1.25,1.3,1.3,3900.0
2012-11-12,1.25,1.35,1.25,1.25,1.25,19200.0
2012-11-13,1.25,1.35,1.25,1.25,1.25,4100.0
2012-11-14,1.25,1.3,1.25,1.25,1.25,4300.0
2012-11-15,1.25,1.25,1.25,1.25,1.25,3400.0
2012-11-16,1.25,1.45,1.25,1.35,1.35,83600.0
2012-11-19,1.35,1.35,1.35,1.35,1.35,2400.0
2012-11-20,1.35,1.35,1.35,1.35,1.35,1800.0
2012-11-21,1.35,1.4,1.35,1.35,1.35,4500.0
2012-11-23,1.35,1.35,1.35,1.35,1.35,1400.0
2012-11-26,1.35,1.35,1.3,1.3,1.3,19400.0
2012-11-27,1.3,1.3,1.3,1.3,1.3,17200.0
2012-11-28,1.3,1.4,1.3,1.35,1.35,7700.0
2012-11-29,1.35,1.4,1.35,1.35,1.35,36200.0
2012-11-30,1.35,1.35,1.35,1.35,1.35,13900.0
2012-12-03,1.35,1.4,1.35,1.35,1.35,3700.0
2012-12-04,1.35,1.35,1.15,1.2,1.2,92200.0
2012-12-05,1.15,1.2,1.15,1.15,1.15,95600.0
2012-12-06,1.15,1.15,1.1,1.15,1.15,27800.0
2012-12-07,1.15,1.15,1.05,1.05,1.05,20800.0
2012-12-10,1.05,1.3,1.05,1.3,1.3,180700.0
2012-12-11,1.3,1.55,1.3,1.35,1.35,166200.0
2012-12-12,1.35,1.6,1.35,1.5,1.5,102600.0
2012-12-13,1.5,1.85,1.45,1.8,1.8,89400.0
2012-12-14,1.8,2.1,1.8,1.95,1.95,93400.0
2012-12-17,1.95,2.0,1.65,1.9,1.9,58000.0
2012-12-18,1.85,1.9,1.8,1.9,1.9,24400.0
2012-12-19,1.85,1.9,1.8,1.8,1.8,51400.0
2012-12-20,1.75,1.75,1.7,1.7,1.7,21600.0
2012-12-21,1.65,1.7,1.6,1.7,1.7,30200.0
2012-12-24,1.6,1.7,1.6,1.6,1.6,15300.0
2012-12-26,1.6,1.8,1.6,1.75,1.75,96600.0
2012-12-27,1.7,1.8,1.7,1.8,1.8,27900.0
2012-12-28,1.85,2.1,1.7,1.95,1.95,120200.0
2012-12-31,1.95,2.1,1.9,2.0,2.0,78300.0
2013-01-02,2.05,2.4,2.0,2.25,2.25,80800.0
2013-01-03,2.35,2.9,2.35,2.8,2.8,162500.0
2013-01-04,3.0,3.15,2.6,2.8,2.8,111700.0
2013-01-07,2.95,3.3,2.8,3.2,3.2,49000.0
2013-01-08,3.2,3.4,3.15,3.3,3.3,37700.0
2013-01-09,3.3,3.4,3.2,3.25,3.25,14600.0
2013-01-10,3.2,3.2,2.75,3.0,3.0,18000.0
2013-01-11,2.95,2.95,2.8,2.95,2.95,23700.0
2013-01-14,2.85,3.0,2.7,2.95,2.95,43100.0
2013-01-15,2.95,3.1,2.85,2.95,2.95,12000.0
2013-01-16,2.95,3.35,2.95,3.25,3.25,18900.0
2013-01-17,3.25,3.3,3.2,3.2,3.2,11000.0
2013-01-18,3.2,3.25,3.2,3.2,3.2,6500.0
2013-01-22,3.2,3.6,3.2,3.5,3.5,37500.0
2013-01-23,3.5,3.55,3.45,3.55,3.55,29300.0
2013-01-24,3.55,3.55,3.4,3.5,3.5,5200.0
2013-01-25,3.45,3.5,3.4,3.45,3.45,8500.0
2013-01-28,3.4,3.45,3.35,3.4,3.4,9400.0
2013-01-29,3.35,3.35,3.25,3.25,3.25,5900.0
2013-01-30,3.25,3.3,3.15,3.15,3.15,7800.0
2013-01-31,3.15,3.2,3.05,3.1,3.1,30900.0
2013-02-01,3.05,3.25,3.05,3.25,3.25,113300.0
2013-02-04,3.2,3.2,3.05,3.1,3.1,13300.0
2013-02-05,3.1,3.45,3.1,3.45,3.45,13900.0
2013-02-06,3.5,3.55,3.45,3.55,3.55,14100.0
2013-02-07,3.55,3.55,3.5,3.5,3.5,17000.0
2013-02-08,3.55,3.55,3.5,3.5,3.5,6000.0
2013-02-11,3.55,3.55,3.4,3.45,3.45,10200.0
2013-02-12,3.45,3.45,3.3,3.3,3.3,5900.0
2013-02-13,3.35,3.35,3.25,3.3,3.3,5300.0
2013-02-14,3.3,3.3,3.25,3.25,3.25,2300.0
2013-02-15,3.25,3.25,3.25,3.25,3.25,400.0
2013-02-19,3.25,3.25,3.2,3.25,3.25,26300.0
2013-02-20,3.15,3.25,3.15,3.25,3.25,3000.0
2013-02-21,3.2,3.3,3.1,3.3,3.3,24000.0
2013-02-22,3.3,3.55,3.3,3.5,3.5,19700.0
2013-02-25,3.5,4.1,3.5,4.05,4.05,54600.0
2013-02-26,4.15,4.4,4.15,4.35,4.35,18100.0
2013-02-27,4.35,4.35,3.95,4.3,4.3,44400.0
2013-02-28,4.25,4.5,4.05,4.45,4.45,11300.0
2013-03-01,4.3,4.65,4.3,4.6,4.6,18700.0
2013-03-04,4.45,4.8,4.45,4.65,4.65,13500.0
2013-03-05,4.75,5.0,4.55,4.95,4.95,22100.0
2013-03-06,4.95,5.8,4.95,5.45,5.45,77400.0
2013-03-07,5.5,5.95,5.45,5.6,5.6,36400.0
2013-03-08,5.65,5.95,5.6,5.8,5.8,34700.0
2013-03-11,5.8,5.9,5.3,5.6,5.6,28000.0
2013-03-12,5.4,5.45,5.0,5.2,5.2,26400.0
2013-03-13,5.1,5.25,4.75,5.05,5.05,50600.0
2013-03-14,5.2,5.25,5.0,5.25,5.25,5100.0
2013-03-15,5.25,5.35,5.05,5.1,5.1,6200.0
2013-03-18,5.1,5.1,4.85,4.9,4.9,11800.0
2013-03-19,4.85,5.0,4.7,4.85,4.85,13700.0
2013-03-20,4.85,4.85,4.05,4.4,4.4,34800.0
2013-03-21,4.4,5.05,4.35,5.0,5.0,23300.0
2013-03-22,5.2,5.25,4.95,5.25,5.25,9700.0
2013-03-25,5.05,5.3,4.85,5.2,5.2,8900.0
2013-03-26,5.2,5.3,4.9,4.95,4.95,7000.0
2013-03-27,4.95,5.0,4.65,4.65,4.65,13300.0
2013-03-28,4.9,4.95,4.65,4.9,4.9,12400.0
2013-04-01,4.95,6.25,4.9,6.25,6.25,86200.0
2013-04-02,6.5,7.5,6.45,6.75,6.75,71600.0
2013-04-03,6.95,7.35,6.55,7.15,7.15,27000.0
2013-04-04,7.0,7.15,6.5,7.0,7.0,17100.0
2013-04-05,6.95,7.15,6.65,6.75,6.75,16700.0
2013-04-08,6.05,6.4,5.1,6.05,6.05,72300.0
2013-04-09,5.9,6.9,5.8,6.75,6.75,34300.0
2013-04-10,6.75,6.95,6.5,6.85,6.85,10500.0
2013-04-11,6.85,6.85,6.35,6.45,6.45,8700.0
2013-04-12,6.5,6.5,6.0,6.2,6.2,9400.0
2013-04-15,6.05,6.2,5.95,6.0,6.0,18400.0
2013-04-16,5.95,6.15,5.95,6.0,6.0,7600.0
2013-04-17,6.0,6.05,5.8,5.95,5.95,8700.0
2013-04-18,5.95,5.95,5.7,5.75,5.75,9800.0
2013-04-19,5.75,5.95,5.55,5.8,5.8,12100.0
2013-04-22,5.8,5.8,5.6,5.8,5.8,18500.0
2013-04-23,5.75,5.75,5.7,5.7,5.7,2600.0
2013-04-24,5.75,5.75,5.65,5.7,5.7,9800.0
2013-04-25,5.7,5.95,5.7,5.8,5.8,14800.0
2013-04-26,5.8,5.9,5.6,5.9,5.9,6100.0
2013-04-29,5.9,5.9,5.8,5.9,5.9,2000.0
2013-04-30,5.9,5.95,5.8,5.8,5.8,3100.0
2013-05-01,5.75,5.8,5.7,5.8,5.8,1300.0
2013-05-02,5.75,5.75,5.6,5.65,5.65,6100.0
2013-05-03,5.6,5.75,5.6,5.75,5.75,2000.0
2013-05-06,5.75,5.85,5.55,5.55,5.55,11500.0
2013-05-07,5.55,5.6,5.45,5.55,5.55,25700.0
2013-05-08,5.55,5.65,5.55,5.6,5.6,8600.0
2013-05-09,5.6,5.7,5.55,5.7,5.7,1600.0
2013-05-10,5.7,6.25,5.5,6.25,6.25,55600.0
2013-05-13,6.25,6.7,6.25,6.45,6.45,23100.0
2013-05-14,6.45,6.5,6.3,6.35,6.35,4400.0
2013-05-15,6.3,7.0,6.3,6.8,6.8,40300.0
2013-05-16,6.9,7.45,6.9,7.15,7.15,39400.0
2013-05-17,7.25,7.4,7.15,7.25,7.25,25900.0
2013-05-20,7.3,7.75,7.25,7.7,7.7,26700.0
2013-05-21,7.55,7.75,7.35,7.35,7.35,19400.0
2013-05-22,7.35,7.35,6.75,6.8,6.8,19600.0
2013-05-23,6.75,6.8,5.95,6.8,6.8,18000.0
2013-05-24,6.7,7.45,6.3,7.25,7.25,21700.0
2013-05-28,7.25,7.75,6.8,6.8,6.8,29600.0
2013-05-29,6.9,7.25,6.85,6.85,6.85,12800.0
2013-05-30,6.85,7.75,6.85,7.6,7.6,37300.0
2013-05-31,7.6,7.6,7.25,7.3,7.3,4100.0
2013-06-03,7.3,7.65,7.0,7.2,7.2,26700.0
2013-06-04,7.4,7.5,7.1,7.3,7.3,6900.0
2013-06-05,7.4,7.4,7.15,7.15,7.15,14100.0
2013-06-06,7.1,7.25,7.0,7.25,7.25,11000.0
2013-06-07,7.35,7.35,7.25,7.25,7.25,3100.0
2013-06-10,7.2,7.25,7.1,7.2,7.2,4000.0
2013-06-11,7.2,7.4,7.2,7.4,7.4,5400.0
2013-06-12,7.4,7.4,7.15,7.2,7.2,4800.0
2013-06-13,7.15,7.4,7.15,7.3,7.3,14500.0
2013-06-14,7.3,7.95,7.3,7.5,7.5,18700.0
2013-06-17,7.75,7.9,7.6,7.9,7.9,13600.0
2013-06-18,7.9,7.9,5.95,7.0,7.0,127800.0
2013-06-19,7.05,7.05,6.75,6.9,6.9,11400.0
2013-06-20,6.9,6.9,6.1,6.2,6.2,46200.0
2013-06-21,6.15,6.15,4.75,5.95,5.95,126100.0
2013-06-24,6.5,6.5,4.8,5.7,5.7,34600.0
2013-06-25,5.65,6.25,5.55,6.0,6.0,17600.0
2013-06-26,6.2,6.2,5.75,5.95,5.95,19600.0
2013-06-27,5.95,6.25,5.95,6.2,6.2,25400.0
2013-06-28,6.2,6.25,6.15,6.25,6.25,19700.0
2013-07-01,6.35,6.55,6.2,6.55,6.55,19400.0
2013-07-02,6.5,6.5,6.15,6.35,6.35,14300.0
2013-07-03,6.35,6.45,6.15,6.45,6.45,14000.0
2013-07-05,7.0,8.2,6.95,8.0,8.0,200400.0
2013-07-08,8.25,8.25,7.85,8.05,8.05,100200.0
2013-07-09,8.1,8.2,7.55,8.0,8.0,31800.0
2013-07-10,8.5,8.55,7.85,8.05,8.05,63900.0
2013-07-11,7.95,8.25,7.75,7.85,7.85,26400.0
2013-07-12,7.8,8.0,7.8,8.0,8.0,8300.0
2013-07-15,7.9,8.0,7.7,7.85,7.85,10500.0
2013-07-16,7.75,8.0,7.75,7.9,7.9,7300.0
2013-07-17,7.9,8.15,7.9,8.05,8.05,10400.0
2013-07-18,8.0,8.0,7.9,8.0,8.0,8500.0
2013-07-19,7.85,8.2,7.85,7.95,7.95,4500.0
2013-07-22,7.95,8.2,7.85,8.0,8.0,8800.0
2013-07-23,7.95,7.95,7.6,7.75,7.75,24700.0
2013-07-24,7.65,7.75,7.5,7.65,7.65,16800.0
2013-07-25,7.65,7.75,7.65,7.7,7.7,4200.0
2013-07-26,7.7,7.9,7.7,7.9,7.9,8100.0
2013-07-29,7.75,7.75,7.4,7.65,7.65,16000.0
2013-07-30,7.5,7.55,6.8,7.5,7.5,27400.0
2013-07-31,7.4,7.5,7.25,7.45,7.45,14800.0
2013-08-01,7.3,7.35,7.25,7.3,7.3,7000.0
2013-08-02,7.3,7.5,7.3,7.5,7.5,3200.0
2013-08-05,7.4,7.5,7.35,7.45,7.45,3500.0
2013-08-06,7.45,7.75,7.4,7.75,7.75,11200.0
2013-08-07,7.75,7.75,7.5,7.75,7.75,3700.0
2013-08-08,7.75,7.85,7.75,7.85,7.85,3300.0
2013-08-09,7.9,8.1,7.75,8.05,8.05,8100.0
2013-08-12,8.05,8.1,7.75,8.0,8.0,10600.0
2013-08-13,7.95,7.95,7.25,7.7,7.7,21500.0
2013-08-14,7.55,7.85,7.55,7.8,7.8,7300.0
2013-08-15,7.8,7.9,7.3,7.6,7.6,28100.0
2013-08-16,7.35,7.6,7.35,7.4,7.4,6600.0
2013-08-19,7.3,7.5,7.25,7.4,7.4,9200.0
2013-08-20,7.35,7.4,7.3,7.3,7.3,8700.0
2013-08-21,7.25,7.45,6.9,7.45,7.45,28600.0
2013-08-22,7.2,7.3,6.8,6.9,6.9,20900.0
2013-08-23,6.95,7.55,6.95,7.5,7.5,9700.0
2013-08-26,7.25,7.5,7.05,7.5,7.5,3300.0
2013-08-27,7.25,7.45,7.2,7.45,7.45,3800.0
2013-08-28,7.4,7.5,7.15,7.45,7.45,2800.0
2013-08-29,7.2,7.4,7.05,7.4,7.4,7400.0
2013-08-30,7.05,7.35,6.95,7.0,7.0,18700.0
2013-09-03,7.0,7.1,6.6,6.8,6.8,19100.0
2013-09-04,6.75,6.9,6.6,6.9,6.9,9200.0
2013-09-05,6.95,6.95,6.7,6.85,6.85,12600.0
2013-09-06,6.7,6.85,6.7,6.75,6.75,5600.0
2013-09-09,6.75,6.75,6.05,6.7,6.7,26400.0
2013-09-10,6.7,6.7,6.05,6.25,6.25,31800.0
2013-09-11,6.25,6.3,6.1,6.1,6.1,20400.0
2013-09-12,6.1,6.15,6.0,6.15,6.15,20000.0
2013-09-13,6.15,6.3,6.0,6.3,6.3,21400.0
2013-09-16,6.3,6.4,6.25,6.35,6.35,2200.0
2013-09-17,6.35,6.5,6.35,6.5,6.5,3600.0
2013-09-18,6.5,6.5,6.5,6.5,6.5,0.0
2013-09-19,6.5,6.5,6.5,6.5,6.5,0.0
2013-09-20,6.5,6.5,6.5,6.5,6.5,0.0
2013-09-23,6.5,6.5,6.5,6.5,6.5,0.0
2013-09-24,6.5,6.5,6.5,6.5,6.5,0.0
2013-09-25,6.5,6.5,6.5,6.5,6.5,0.0
2013-09-26,6.5,6.5,6.5,6.5,6.5,0.0
2013-09-27,6.5,6.5,6.5,6.5,6.5,0.0
2013-09-30,6.5,6.5,6.5,6.5,6.5,0.0
2013-10-01,6.5,6.5,6.5,6.5,6.5,0.0
2013-10-02,6.5,6.5,6.5,6.5,6.5,0.0
2013-10-03,6.5,6.5,6.5,6.5,6.5,0.0
2013-10-04,6.0,6.75,5.25,6.5,6.5,29400.0
2013-10-07,6.1,6.75,5.6,6.75,6.75,12400.0
2013-10-08,6.25,6.7,6.25,6.25,6.25,4700.0
2013-10-09,6.2,7.2,6.0,6.05,6.05,34400.0
2013-10-10,5.55,6.45,5.55,6.05,6.05,8000.0
2013-10-11,6.05,6.7,6.05,6.4,6.4,6700.0
2013-10-14,6.15,6.4,6.0,6.15,6.15,4300.0
2013-10-15,6.25,6.75,6.0,6.05,6.05,18800.0
2013-10-16,6.1,6.45,6.0,6.3,6.3,34100.0
2013-10-17,6.1,6.4,6.0,6.05,6.05,7700.0
2013-10-18,6.05,6.4,6.0,6.05,6.05,7200.0
2013-10-21,6.0,6.1,6.0,6.1,6.1,3600.0
2013-10-22,6.15,6.5,6.15,6.45,6.45,8600.0
2013-10-23,6.45,6.45,6.15,6.25,6.25,30600.0
2013-10-24,6.3,6.4,6.1,6.1,6.1,6500.0
2013-10-25,6.15,6.45,6.15,6.4,6.4,6100.0
2013-10-28,6.45,6.45,6.15,6.4,6.4,7000.0
2013-10-29,6.3,6.45,6.25,6.25,6.25,7200.0
2013-10-30,6.45,6.45,6.2,6.2,6.2,44200.0
2013-10-31,6.2,6.35,6.2,6.35,6.35,8300.0
2013-11-01,6.15,6.9,6.15,6.75,6.75,9000.0
2013-11-04,6.5,6.9,6.5,6.75,6.75,5500.0
2013-11-05,6.7,6.95,6.55,6.95,6.95,13200.0
2013-11-06,7.05,7.15,7.0,7.15,7.15,46400.0
2013-11-07,8.75,8.75,7.05,7.05,7.05,6300.0
2013-11-08,7.05,7.3,7.0,7.1,7.1,14500.0
2013-11-11,7.1,7.3,6.75,7.1,7.1,7700.0
2013-11-12,6.9,7.15,6.9,7.0,7.0,11400.0
2013-11-13,6.75,7.2,6.7,7.2,7.2,45900.0
2013-11-14,7.5,7.5,6.9,7.0,7.0,8700.0
2013-11-15,6.95,6.95,5.65,6.05,6.05,31400.0
2013-11-18,5.8,6.0,5.8,5.95,5.95,12600.0
2013-11-19,5.8,6.0,5.8,5.9,5.9,13300.0
2013-11-20,5.95,5.95,5.9,5.9,5.9,42200.0
2013-11-21,5.95,6.0,5.85,5.85,5.85,10800.0
2013-11-22,5.85,5.85,5.4,5.75,5.75,29100.0
2013-11-25,5.7,5.75,5.5,5.6,5.6,28000.0
2013-11-26,5.25,5.55,5.25,5.55,5.55,21100.0
2013-11-27,5.6,6.0,5.55,5.9,5.9,25500.0
2013-11-29,5.6,5.95,5.6,5.9,5.9,7400.0
2013-12-02,5.9,5.9,5.6,5.6,5.6,19000.0
2013-12-03,5.6,5.95,5.6,5.8,5.8,14300.0
2013-12-04,5.6,6.0,5.6,5.7,5.7,36600.0
2013-12-05,5.65,5.85,5.6,5.65,5.65,11400.0
2013-12-06,5.85,5.85,5.6,5.8,5.8,11200.0
2013-12-09,5.7,5.75,5.6,5.6,5.6,12300.0
2013-12-10,5.65,5.8,5.6,5.65,5.65,21100.0
2013-12-11,5.6,5.75,5.6,5.65,5.65,46900.0
2013-12-12,5.6,5.75,5.6,5.6,5.6,2800.0
2013-12-13,5.65,5.9,5.6,5.65,5.65,8800.0
2013-12-16,5.75,5.85,5.65,5.7,5.7,14600.0
2013-12-17,5.7,5.75,5.6,5.6,5.6,24600.0
2013-12-18,5.65,5.75,5.55,5.6,5.6,36700.0
2013-12-19,5.5,5.7,5.5,5.7,5.7,2600.0
2013-12-20,5.55,5.75,5.55,5.55,5.55,26700.0
2013-12-23,5.55,5.7,5.55,5.55,5.55,27700.0
2013-12-24,5.55,5.65,5.5,5.6,5.6,35800.0
2013-12-26,5.6,5.65,5.5,5.55,5.55,35800.0
2013-12-27,5.55,5.6,5.55,5.6,5.6,30400.0
2013-12-30,5.5,5.75,5.5,5.6,5.6,47500.0
2013-12-31,5.5,5.65,5.5,5.6,5.6,30400.0
2014-01-02,5.5,5.85,5.5,5.85,5.85,1300.0
2014-01-03,5.85,5.85,5.55,5.8,5.8,600.0
2014-01-06,5.75,5.75,5.5,5.5,5.5,7600.0
2014-01-07,5.75,5.75,5.5,5.75,5.75,5400.0
2014-01-08,5.55,5.85,5.55,5.85,5.85,26800.0
2014-01-09,5.8,6.0,5.8,5.85,5.85,7100.0
2014-01-10,5.95,6.1,5.85,6.1,6.1,49600.0
2014-01-13,6.1,6.55,6.1,6.1,6.1,5700.0
2014-01-14,6.15,6.15,6.1,6.1,6.1,5100.0
2014-01-15,6.25,6.35,6.25,6.3,6.3,3900.0
2014-01-16,6.3,6.3,6.3,6.3,6.3,900.0
2014-01-17,6.5,7.25,6.45,7.1,7.1,16600.0
2014-01-21,7.0,7.0,6.5,6.55,6.55,2400.0
2014-01-22,6.6,6.8,6.6,6.6,6.6,4200.0
2014-01-23,6.65,6.65,6.55,6.55,6.55,2300.0
2014-01-24,6.0,6.35,6.0,6.35,6.35,6800.0
2014-01-27,6.35,6.35,6.35,6.35,6.35,2200.0
2014-01-28,6.35,6.65,6.35,6.5,6.5,1200.0
2014-01-29,6.35,6.65,6.35,6.35,6.35,1100.0
2014-01-30,6.35,6.5,6.35,6.35,6.35,7300.0
2014-01-31,6.35,6.35,6.35,6.35,6.35,1800.0
2014-02-03,6.35,6.35,6.35,6.35,6.35,800.0
2014-02-04,6.35,6.65,6.35,6.5,6.5,7500.0
2014-02-05,6.45,6.5,6.35,6.4,6.4,4700.0
2014-02-06,6.4,6.4,6.35,6.4,6.4,2200.0
2014-02-07,6.35,6.5,6.35,6.35,6.35,3300.0
2014-02-10,7.0,7.0,6.15,6.15,6.15,10800.0
2014-02-11,6.25,6.25,6.1,6.25,6.25,5300.0
2014-02-12,6.25,6.6,6.25,6.45,6.45,1400.0
2014-02-13,6.25,6.45,6.25,6.3,6.3,1300.0
2014-02-14,6.4,6.4,6.35,6.35,6.35,1500.0
2014-02-18,6.05,6.3,6.05,6.25,6.25,4700.0
2014-02-19,6.05,6.2,6.05,6.2,6.2,5800.0
2014-02-20,6.2,6.25,6.05,6.1,6.1,3200.0
2014-02-21,6.1,6.25,6.05,6.2,6.2,3700.0
2014-02-24,6.05,6.5,6.0,6.0,6.0,9400.0
2014-02-25,6.0,6.3,5.95,6.3,6.3,7600.0
2014-02-26,6.05,6.35,6.05,6.25,6.25,1500.0
2014-02-27,6.05,6.25,6.05,6.25,6.25,1800.0
2014-02-28,6.3,6.3,6.05,6.25,6.25,11400.0
2014-03-03,6.05,6.3,6.05,6.2,6.2,3900.0
2014-03-04,6.05,6.2,6.05,6.2,6.2,7200.0
2014-03-05,6.2,6.3,6.15,6.15,6.15,19800.0
2014-03-06,6.15,6.25,6.05,6.15,6.15,4400.0
2014-03-07,6.05,6.25,6.05,6.1,6.1,600.0
2014-03-10,6.1,6.25,6.1,6.1,6.1,3600.0
2014-03-11,6.1,6.25,6.1,6.1,6.1,5700.0
2014-03-12,6.1,6.25,5.9,6.1,6.1,26000.0
2014-03-13,5.75,6.25,5.75,6.2,6.2,3800.0
2014-03-14,5.95,6.25,5.95,6.1,6.1,7600.0
2014-03-17,5.9,6.3,5.9,6.3,6.3,2400.0
2014-03-18,6.25,6.3,6.1,6.3,6.3,3800.0
2014-03-19,6.05,6.25,6.05,6.1,6.1,2700.0
2014-03-20,6.1,6.25,6.1,6.1,6.1,1000.0
2014-03-21,6.25,7.35,6.25,7.25,7.25,43600.0
2014-03-24,7.1,7.65,7.1,7.5,7.5,43900.0
2014-03-25,7.45,7.5,7.2,7.45,7.45,28200.0
2014-03-26,7.05,7.75,7.05,7.75,7.75,53200.0
2014-03-27,7.5,7.7,7.45,7.6,7.6,22400.0
2014-03-28,7.6,7.65,7.4,7.65,7.65,19800.0
2014-03-31,7.5,7.75,7.5,7.7,7.7,11000.0
2014-04-01,7.55,7.75,7.55,7.65,7.65,14500.0
2014-04-02,7.7,7.8,7.6,7.75,7.75,326100.0
2014-04-03,7.75,7.85,7.7,7.85,7.85,42500.0
2014-04-04,7.85,8.3,7.8,8.3,8.3,27200.0
2014-04-07,8.7,9.2,8.5,8.85,8.85,32200.0
2014-04-08,9.2,9.25,8.75,8.9,8.9,10400.0
2014-04-09,9.0,9.1,8.9,8.9,8.9,7700.0
2014-04-10,9.1,9.1,8.7,8.9,8.9,2900.0
2014-04-11,8.5,9.0,8.5,9.0,9.0,5100.0
2014-04-14,8.6,9.1,8.6,9.0,9.0,13800.0
2014-04-15,9.1,9.1,8.75,9.1,9.1,4200.0
2014-04-16,9.1,9.1,8.75,9.1,9.1,2700.0
2014-04-17,8.65,9.0,8.65,9.0,9.0,2100.0
2014-04-21,9.0,9.0,8.7,9.0,9.0,4900.0
2014-04-22,8.7,9.0,8.7,9.0,9.0,1300.0
2014-04-23,8.8,9.0,8.8,9.0,9.0,49200.0
2014-04-24,9.0,9.0,8.9,9.0,9.0,17700.0
2014-04-25,9.0,9.25,9.0,9.2,9.2,8900.0
2014-04-28,8.95,9.2,8.95,9.1,9.1,4400.0
2014-04-29,9.1,9.15,9.05,9.05,9.05,4400.0
2014-04-30,8.85,9.2,8.85,9.2,9.2,5700.0
2014-05-01,9.0,9.25,9.0,9.25,9.25,2500.0
2014-05-02,9.0,9.1,9.0,9.1,9.1,1900.0
2014-05-05,9.0,9.25,9.0,9.15,9.15,4600.0
2014-05-06,9.25,9.25,9.15,9.15,9.15,3700.0
2014-05-07,9.15,9.25,9.15,9.25,9.25,1400.0
2014-05-08,9.15,9.3,9.15,9.3,9.3,4200.0
2014-05-09,9.15,9.3,9.15,9.25,9.25,6200.0
2014-05-12,9.2,9.25,9.2,9.25,9.25,2000.0
2014-05-13,9.25,9.35,9.25,9.3,9.3,9600.0
2014-05-14,9.25,9.75,9.25,9.75,9.75,21700.0
2014-05-15,9.2,9.7,9.2,9.5,9.5,6800.0
2014-05-16,9.3,9.35,9.25,9.3,9.3,8600.0
2014-05-19,9.3,9.4,9.25,9.4,9.4,9000.0
2014-05-20,9.2,9.25,9.2,9.25,9.25,1200.0
2014-05-21,9.0,9.5,9.0,9.25,9.25,3600.0
2014-05-22,9.25,9.5,9.25,9.25,9.25,83100.0
2014-05-23,9.15,9.35,9.15,9.35,9.35,5400.0
2014-05-27,9.3,9.3,9.25,9.25,9.25,2600.0
2014-05-28,9.35,9.45,9.25,9.25,9.25,9000.0
2014-05-29,9.45,9.45,9.25,9.3,9.3,12400.0
2014-05-30,9.35,9.35,9.25,9.3,9.3,3200.0
2014-06-02,9.25,9.3,9.25,9.3,9.3,1200.0
2014-06-03,9.25,9.5,9.25,9.3,9.3,7600.0
2014-06-04,9.3,9.75,9.25,9.25,9.25,61500.0
2014-06-05,9.5,9.5,9.25,9.4,9.4,5500.0
2014-06-06,9.75,9.75,9.25,9.5,9.5,5000.0
2014-06-09,9.3,9.6,9.25,9.3,9.3,2600.0
2014-06-10,9.25,9.5,9.25,9.3,9.3,600.0
2014-06-11,9.25,9.5,9.25,9.4,9.4,288700.0
2014-06-12,9.5,9.6,9.4,9.4,9.4,2900.0
2014-06-13,9.25,9.5,9.25,9.4,9.4,900.0
2014-06-16,9.4,9.5,9.4,9.4,9.4,3000.0
2014-06-17,9.4,9.5,9.25,9.3,9.3,6300.0
2014-06-18,9.25,9.5,9.25,9.3,9.3,12700.0
2014-06-19,9.3,9.5,9.25,9.5,9.5,39000.0
2014-06-20,9.3,9.35,9.25,9.35,9.35,700.0
2014-06-23,9.35,9.7,9.25,9.25,9.25,7400.0
2014-06-24,9.3,9.3,9.25,9.25,9.25,1500.0
2014-06-25,9.25,9.65,9.25,9.25,9.25,54000.0
2014-06-26,9.5,9.5,9.25,9.25,9.25,75000.0
2014-06-27,9.5,9.5,9.25,9.25,9.25,7400.0
2014-06-30,9.25,9.45,9.25,9.3,9.3,4300.0
2014-07-01,9.5,9.5,9.0,9.3,9.3,8000.0
2014-07-02,9.25,9.25,9.05,9.25,9.25,900.0
2014-07-03,9.45,9.45,9.1,9.1,9.1,1500.0
2014-07-07,9.5,9.5,9.05,9.1,9.1,6000.0
2014-07-08,9.05,9.2,9.0,9.15,9.15,6500.0
2014-07-09,9.1,9.15,8.85,9.15,9.15,7400.0
2014-07-10,9.0,9.05,8.95,8.95,8.95,12400.0
2014-07-11,9.0,9.25,9.0,9.15,9.15,2700.0
2014-07-14,9.2,9.2,8.95,9.0,9.0,1500.0
2014-07-15,9.15,9.15,8.9,8.9,8.9,4200.0
2014-07-16,8.9,8.95,8.85,8.9,8.9,1700.0
2014-07-17,9.05,9.5,9.05,9.3,9.3,18200.0
2014-07-18,9.65,9.65,9.0,9.45,9.45,14600.0
2014-07-21,9.25,9.65,9.25,9.55,9.55,6000.0
2014-07-22,9.25,9.55,9.25,9.5,9.5,3500.0
2014-07-23,9.25,9.6,9.25,9.6,9.6,10100.0
2014-07-24,9.55,9.6,9.35,9.45,9.45,10400.0
2014-07-25,9.4,9.5,9.35,9.5,9.5,1700.0
2014-07-28,9.4,9.5,9.25,9.25,9.25,1600.0
2014-07-29,9.45,9.45,9.3,9.35,9.35,7000.0
2014-07-30,9.3,9.5,9.3,9.45,9.45,5200.0
2014-07-31,9.5,9.5,9.25,9.45,9.45,1700.0
2014-08-01,9.35,9.35,9.25,9.25,9.25,6600.0
2014-08-04,9.25,9.4,9.25,9.35,9.35,1000.0
2014-08-05,9.0,9.35,9.0,9.3,9.3,3800.0
2014-08-06,9.25,9.35,9.25,9.3,9.3,7000.0
2014-08-07,9.05,9.2,9.0,9.2,9.2,5100.0
2014-08-08,9.0,9.3,9.0,9.2,9.2,21800.0
2014-08-11,9.25,9.25,9.25,9.25,9.25,1700.0
2014-08-12,9.0,9.35,9.0,9.35,9.35,1900.0
2014-08-13,9.05,9.35,9.05,9.25,9.25,4600.0
2014-08-14,9.0,9.35,9.0,9.2,9.2,5500.0
2014-08-15,9.0,9.25,9.0,9.25,9.25,7200.0
2014-08-18,9.25,9.35,9.1,9.1,9.1,4200.0
2014-08-19,9.0,9.45,9.0,9.45,9.45,6700.0
2014-08-20,9.45,9.45,9.15,9.25,9.25,77500.0
2014-08-21,9.15,9.25,9.15,9.15,9.15,1700.0
2014-08-22,9.35,9.35,9.15,9.15,9.15,4800.0
2014-08-25,9.15,9.45,9.0,9.45,9.45,32800.0
2014-08-26,9.05,9.2,9.05,9.1,9.1,2200.0
2014-08-27,9.0,9.45,9.0,9.4,9.4,198500.0
2014-08-28,9.45,9.45,9.05,9.4,9.4,2600.0
2014-08-29,9.2,9.4,8.95,9.4,9.4,1900.0
2014-09-02,9.1,9.1,9.1,9.1,9.1,300.0
2014-09-03,9.05,9.25,9.05,9.25,9.25,3300.0
2014-09-04,9.25,9.35,9.05,9.25,9.25,4200.0
2014-09-05,9.05,9.1,9.0,9.1,9.1,6300.0
2014-09-08,9.0,9.1,9.0,9.0,9.0,5600.0
2014-09-09,9.0,9.2,9.0,9.15,9.15,2500.0
2014-09-10,9.1,9.15,9.0,9.05,9.05,1300.0
2014-09-11,9.05,9.05,9.0,9.05,9.05,2600.0
2014-09-12,9.1,9.1,9.0,9.1,9.1,1600.0
2014-09-15,9.0,9.1,9.0,9.0,9.0,6100.0
2014-09-16,9.05,9.15,9.05,9.15,9.15,1100.0
2014-09-17,9.05,9.2,9.0,9.05,9.05,3900.0
2014-09-18,9.05,9.1,9.0,9.0,9.0,3200.0
2014-09-19,9.05,9.05,9.0,9.05,9.05,1900.0
2014-09-22,9.05,9.1,9.05,9.05,9.05,1600.0
2014-09-23,9.0,9.1,9.0,9.05,9.05,2900.0
2014-09-24,9.0,9.05,8.9,8.95,8.95,13000.0
2014-09-25,9.05,9.05,8.6,8.75,8.75,6100.0
2014-09-26,8.95,9.2,8.8,9.2,9.2,7400.0
2014-09-29,9.2,9.2,9.2,9.2,9.2,200.0
2014-09-30,9.25,9.34,9.25,9.3,9.3,5400.0
2014-10-01,9.1,9.25,8.76,9.19,9.19,11100.0
2014-10-02,9.0,9.0,8.8,8.81,8.81,2200.0
2014-10-03,8.56,8.75,8.5,8.5,8.5,38000.0
2014-10-06,8.26,8.55,8.26,8.36,8.36,12400.0
2014-10-07,8.3,9.0,8.25,8.99,8.99,12200.0
2014-10-08,8.75,8.95,8.5,8.95,8.95,12100.0
2014-10-09,8.7,8.75,8.53,8.6,8.6,7900.0
2014-10-10,8.57,8.62,8.57,8.6,8.6,2600.0
2014-10-13,8.6,8.6,8.46,8.55,8.55,10100.0
2014-10-14,8.55,8.55,8.24,8.41,8.41,18500.0
2014-10-15,8.38,8.5,8.25,8.5,8.5,36300.0
2014-10-16,8.5,8.5,8.36,8.36,8.36,700.0
2014-10-17,8.36,8.43,8.31,8.41,8.41,5700.0
2014-10-20,8.41,8.41,8.35,8.35,8.35,7000.0
2014-10-21,8.49,8.5,8.3,8.35,8.35,15700.0
2014-10-22,8.4,8.42,8.35,8.35,8.35,2100.0
2014-10-23,8.35,8.45,8.3,8.32,8.32,36900.0
2014-10-24,8.32,8.32,8.32,8.32,8.32,1500.0
2014-10-27,8.3,8.33,8.27,8.32,8.32,10200.0
2014-10-28,8.29,8.31,8.25,8.27,8.27,7800.0
2014-10-29,8.28,8.3,8.21,8.25,8.25,30500.0
2014-10-30,8.3,8.3,8.2,8.22,8.22,12500.0
2014-10-31,8.2,8.25,8.2,8.2,8.2,6000.0
2014-11-03,8.2,8.39,8.2,8.31,8.31,15800.0
2014-11-04,8.31,8.34,8.25,8.25,8.25,8500.0
2014-11-05,8.23,8.25,8.2,8.25,8.25,2000.0
2014-11-06,8.26,8.33,8.26,8.32,8.32,8300.0
2014-11-07,8.32,8.35,8.32,8.34,8.34,9100.0
2014-11-10,8.32,9.19,8.32,8.99,8.99,67800.0
2014-11-11,9.02,9.13,9.0,9.1,9.1,13100.0
2014-11-12,9.1,9.1,9.07,9.09,9.09,8900.0
2014-11-13,9.1,9.31,9.1,9.27,9.27,16300.0
2014-11-14,9.3,9.91,9.3,9.89,9.89,23300.0
2014-11-17,9.98,10.05,9.77,10.04,10.04,28200.0
2014-11-18,9.92,10.05,9.9,9.95,9.95,8600.0
2014-11-19,9.88,10.05,9.5,9.52,9.52,96000.0
2014-11-20,9.5,9.71,9.5,9.71,9.71,10300.0
2014-11-21,9.65,9.8,9.65,9.79,9.79,8700.0
2014-11-24,9.8,9.8,9.65,9.73,9.73,11500.0
2014-11-25,9.79,9.79,9.54,9.7,9.7,14700.0
2014-11-26,9.6,9.8,9.6,9.8,9.8,3600.0
2014-11-28,9.69,9.87,9.69,9.8,9.8,3500.0
2014-12-01,9.68,9.74,9.67,9.7,9.7,5300.0
2014-12-02,9.7,9.77,9.69,9.73,9.73,8100.0
2014-12-03,9.73,9.79,9.69,9.69,9.69,7200.0
2014-12-04,9.75,9.8,9.7,9.7,9.7,2900.0
2014-12-05,9.9,9.9,9.7,9.8,9.8,11800.0
2014-12-08,9.75,9.85,9.7,9.81,9.81,15000.0
2014-12-09,9.8,9.82,9.8,9.82,9.82,3100.0
2014-12-10,9.75,9.9,9.71,9.71,9.71,3100.0
2014-12-11,9.8,10.08,9.8,9.8,9.8,60800.0
2014-12-12,9.89,9.89,9.7,9.7,9.7,7100.0
2014-12-15,9.7,9.81,9.7,9.7,9.7,6300.0
2014-12-16,9.75,9.75,9.69,9.71,9.71,10900.0
2014-12-17,9.7,9.72,9.7,9.7,9.7,10400.0
2014-12-18,9.7,9.73,9.69,9.7,9.7,43600.0
2014-12-19,9.68,9.7,9.66,9.68,9.68,13700.0
2014-12-22,9.65,9.7,9.62,9.62,9.62,7400.0
2014-12-23,9.6,9.6,9.27,9.3,9.3,13900.0
2014-12-24,9.3,9.45,9.3,9.33,9.33,6200.0
2014-12-26,9.32,9.37,9.25,9.25,9.25,17300.0
2014-12-29,9.19,9.54,9.03,9.5,9.5,25100.0
2014-12-30,9.35,9.44,9.34,9.36,9.36,12300.0
2014-12-31,9.36,9.56,9.33,9.36,9.36,6800.0
2015-01-02,9.36,9.41,9.35,9.41,9.41,6100.0
2015-01-05,9.36,9.49,9.36,9.4,9.4,7900.0
2015-01-06,9.4,9.66,9.4,9.45,9.45,17700.0
2015-01-07,9.36,9.97,9.36,9.43,9.43,13500.0
2015-01-08,9.43,9.5,9.43,9.43,9.43,6000.0
2015-01-09,9.43,9.43,9.43,9.43,9.43,800.0
2015-01-12,9.5,9.57,9.37,9.37,9.37,2900.0
2015-01-13,9.36,9.37,9.36,9.37,9.37,1200.0
2015-01-14,9.36,9.36,9.35,9.35,9.35,1600.0
2015-01-15,9.37,9.39,9.35,9.36,9.36,1900.0
2015-01-16,9.36,9.43,9.35,9.41,9.41,3700.0
2015-01-20,9.31,9.33,9.16,9.16,9.16,28000.0
2015-01-21,9.2,9.3,9.18,9.3,9.3,5300.0
2015-01-22,9.25,9.28,9.05,9.22,9.22,20800.0
2015-01-23,9.43,9.43,9.3,9.33,9.33,5200.0
2015-01-26,9.26,9.44,9.2,9.21,9.21,4500.0
2015-01-27,9.21,9.34,9.21,9.31,9.31,4900.0
2015-01-28,9.28,9.31,9.26,9.26,9.26,6100.0
2015-01-29,9.29,9.39,9.26,9.32,9.32,9000.0
2015-01-30,9.27,9.39,9.25,9.25,9.25,8800.0
2015-02-02,9.23,9.37,9.2,9.37,9.37,3100.0
2015-02-03,9.32,9.32,9.29,9.3,9.3,3500.0
2015-02-04,9.25,9.4,9.25,9.31,9.31,13600.0
2015-02-05,9.23,9.38,9.21,9.27,9.27,21100.0
2015-02-06,9.21,9.27,9.17,9.2,9.2,6600.0
2015-02-09,9.18,9.21,9.16,9.21,9.21,7600.0
2015-02-10,9.25,9.25,9.18,9.22,9.22,10900.0
2015-02-11,9.22,9.25,9.2,9.21,9.21,10800.0
2015-02-12,9.22,9.25,9.2,9.2,9.2,12600.0
2015-02-13,9.23,9.24,9.18,9.23,9.23,4200.0
2015-02-17,9.2,9.22,9.05,9.12,9.12,5500.0
2015-02-18,9.15,9.17,9.15,9.16,9.16,2100.0
2015-02-19,9.16,9.2,9.09,9.2,9.2,15300.0
2015-02-20,9.14,9.19,9.14,9.16,9.16,1800.0
2015-02-23,9.17,9.17,9.12,9.15,9.15,9800.0
2015-02-24,9.14,9.19,9.12,9.19,9.19,14500.0
2015-02-25,9.19,9.24,9.17,9.21,9.21,4400.0
2015-02-26,9.18,9.2,9.15,9.17,9.17,6800.0
2015-02-27,9.18,9.18,9.18,9.18,9.18,700.0
2015-03-02,9.18,9.24,9.18,9.24,9.24,4200.0
2015-03-03,9.24,9.25,9.12,9.2,9.2,3700.0
2015-03-04,9.22,9.22,9.2,9.2,9.2,1800.0
2015-03-05,9.18,9.21,9.18,9.18,9.18,6700.0
2015-03-06,9.15,9.23,9.15,9.16,9.16,9200.0
2015-03-09,9.23,9.25,9.15,9.25,9.25,8000.0
2015-03-10,9.25,9.25,9.17,9.2,9.2,12000.0
2015-03-11,9.17,9.2,9.17,9.17,9.17,1500.0
2015-03-12,9.19,9.24,9.19,9.23,9.23,3900.0
2015-03-13,9.15,9.24,9.15,9.21,9.21,2600.0
2015-03-16,9.18,9.25,9.18,9.25,9.25,19800.0
2015-03-17,9.29,9.33,9.2,9.32,9.32,12700.0
2015-03-18,9.33,9.33,9.23,9.3,9.3,1700.0
2015-03-19,9.5,10.0,9.5,9.82,9.82,46200.0
2015-03-20,9.86,9.95,9.8,9.85,9.85,22800.0
2015-03-23,9.9,9.94,9.8,9.9,9.9,71000.0
2015-03-24,9.85,9.95,9.3,9.45,9.45,45900.0
2015-03-25,9.74,9.85,9.74,9.83,9.83,10200.0
2015-03-26,9.81,9.86,9.81,9.86,9.86,3000.0
2015-03-27,9.75,9.89,9.66,9.89,9.89,13600.0
2015-03-30,9.9,10.12,9.85,9.95,9.95,23500.0
2015-03-31,9.96,10.0,9.88,10.0,10.0,13200.0
2015-04-01,10.0,10.0,9.89,9.95,9.95,20600.0
2015-04-02,9.9,9.93,9.87,9.93,9.93,12700.0
2015-04-06,9.91,9.93,9.86,9.9,9.9,49200.0
2015-04-07,9.87,9.9,9.87,9.9,9.9,9800.0
2015-04-08,9.9,9.9,9.87,9.9,9.9,27300.0
2015-04-09,9.87,9.9,9.87,9.9,9.9,17100.0
2015-04-10,9.9,9.9,9.86,9.9,9.9,11500.0
2015-04-13,9.88,10.0,9.85,9.96,9.96,128000.0
2015-04-14,9.93,9.98,9.92,9.94,9.94,2100.0
2015-04-15,9.98,9.98,9.94,9.95,9.95,4500.0
2015-04-16,9.98,9.98,9.95,9.97,9.97,4700.0
2015-04-17,9.99,9.99,9.86,9.96,9.96,4700.0
2015-04-20,9.98,9.98,9.9,9.96,9.96,2800.0
2015-04-21,9.92,9.92,9.9,9.9,9.9,1400.0
2015-04-22,9.9,9.93,9.85,9.89,9.89,53100.0
2015-04-23,9.94,9.96,9.88,9.9,9.9,19600.0
2015-04-24,9.97,10.09,9.92,9.97,9.97,100000.0
2015-04-27,10.03,10.04,9.9,9.9,9.9,22200.0
2015-04-28,9.96,10.02,9.95,10.0,10.0,25000.0
2015-04-29,10.0,10.0,9.95,9.95,9.95,8900.0
2015-04-30,9.99,10.0,9.95,9.95,9.95,14100.0
2015-05-01,9.99,10.04,9.95,10.0,10.0,59700.0
2015-05-04,9.95,10.0,9.95,9.96,9.96,10500.0
2015-05-05,10.0,10.02,9.95,9.96,9.96,32200.0
2015-05-06,10.01,10.08,10.0,10.0,10.0,15800.0
2015-05-07,10.0,10.1,10.0,10.1,10.1,26400.0
2015-05-08,10.02,10.14,9.7,9.84,9.84,56100.0
2015-05-11,9.95,10.14,9.95,10.14,10.14,11800.0
2015-05-12,10.12,10.49,10.12,10.46,10.46,26200.0
2015-05-13,10.49,10.49,10.35,10.49,10.49,4700.0
2015-05-14,10.5,10.66,10.31,10.57,10.57,52000.0
2015-05-15,10.63,10.8,10.56,10.75,10.75,70200.0
2015-05-18,10.78,10.8,10.74,10.77,10.77,9800.0
2015-05-19,10.69,10.78,10.68,10.73,10.73,13900.0
2015-05-20,10.76,10.8,10.66,10.7,10.7,20500.0
2015-05-21,10.73,10.83,10.7,10.72,10.72,23900.0
2015-05-22,10.75,10.78,10.73,10.73,10.73,7300.0
2015-05-26,10.73,11.0,10.73,10.87,10.87,41800.0
2015-05-27,10.87,11.0,10.87,11.0,11.0,49100.0
2015-05-28,10.98,11.32,10.98,11.14,11.14,26700.0
2015-05-29,11.12,11.24,11.12,11.17,11.17,7100.0
2015-06-01,11.2,11.3,11.16,11.25,11.25,18200.0
2015-06-02,11.3,11.3,11.16,11.25,11.25,14300.0
2015-06-03,11.34,11.49,11.31,11.49,11.49,30800.0
2015-06-04,11.49,12.43,11.49,12.01,12.01,56500.0
2015-06-05,11.94,12.44,11.94,12.28,12.28,112800.0
2015-06-08,12.31,12.74,12.19,12.63,12.63,31900.0
2015-06-09,12.65,12.99,12.65,12.86,12.86,54100.0
2015-06-10,12.95,12.95,12.5,12.65,12.65,13100.0
2015-06-11,12.65,12.84,12.57,12.57,12.57,9900.0
2015-06-12,12.49,12.74,12.01,12.29,12.29,36500.0
2015-06-15,12.46,12.63,12.26,12.44,12.44,14400.0
2015-06-16,12.35,12.5,12.26,12.26,12.26,12600.0
2015-06-17,12.3,12.36,12.23,12.23,12.23,15200.0
2015-06-18,12.22,12.41,12.22,12.39,12.39,6300.0
2015-06-19,12.22,12.61,12.22,12.53,12.53,40100.0
2015-06-22,12.42,12.55,12.4,12.51,12.51,2400.0
2015-06-23,12.53,12.55,12.45,12.45,12.45,1900.0
2015-06-24,12.33,12.48,12.3,12.32,12.32,5300.0
2015-06-25,12.3,12.53,12.02,12.29,12.29,8200.0
2015-06-26,12.26,12.45,12.25,12.38,12.38,8200.0
2015-06-29,12.41,12.44,12.3,12.3,12.3,21700.0
2015-06-30,12.3,12.52,12.3,12.38,12.38,9900.0
2015-07-01,12.33,12.54,12.21,12.28,12.28,38800.0
2015-07-02,12.26,12.36,12.26,12.36,12.36,7000.0
2015-07-06,12.36,12.45,11.71,12.05,12.05,9100.0
2015-07-07,11.91,12.04,11.62,11.86,11.86,10800.0
2015-07-08,11.95,12.06,11.87,12.03,12.03,17500.0
2015-07-09,12.0,12.21,11.95,12.15,12.15,5100.0
2015-07-10,12.2,12.27,12.18,12.18,12.18,1400.0
2015-07-13,12.25,12.44,12.18,12.44,12.44,10800.0
2015-07-14,12.47,13.22,12.47,13.0,13.0,55300.0
2015-07-15,13.25,13.25,13.03,13.1,13.1,19500.0
2015-07-16,13.2,13.25,13.12,13.21,13.21,13500.0
2015-07-17,13.25,13.25,13.03,13.16,13.16,3900.0
2015-07-20,13.07,13.11,12.78,13.03,13.03,9300.0
2015-07-21,12.93,13.16,12.91,13.1,13.1,4200.0
2015-07-22,13.09,13.5,12.76,13.5,13.5,27300.0
2015-07-23,13.5,13.52,13.26,13.4,13.4,10000.0
2015-07-24,13.5,13.54,13.41,13.54,13.54,9900.0
2015-07-27,12.77,13.5,12.77,13.3,13.3,18700.0
2015-07-28,13.25,13.25,13.0,13.04,13.04,6600.0
2015-07-29,13.0,13.01,12.91,12.91,12.91,5900.0
2015-07-30,13.0,13.05,13.0,13.01,13.01,1600.0
2015-07-31,12.84,13.15,12.84,13.05,13.05,5600.0
2015-08-03,13.0,13.0,12.9,12.96,12.96,6400.0
2015-08-04,12.95,12.98,12.95,12.98,12.98,2000.0
2015-08-05,13.01,13.1,13.0,13.08,13.08,6100.0
2015-08-06,13.08,13.08,12.9,12.98,12.98,3400.0
2015-08-07,12.94,13.0,12.91,12.91,12.91,6400.0
2015-08-10,12.95,13.01,12.95,13.01,13.01,8100.0
2015-08-11,12.95,13.02,12.8,13.02,13.02,15000.0
2015-08-12,12.95,12.96,12.95,12.95,12.95,3100.0
2015-08-13,13.0,13.4,13.0,13.4,13.4,5000.0
2015-08-14,13.33,13.64,13.25,13.55,13.55,8900.0
2015-08-17,13.61,13.64,13.5,13.59,13.59,58000.0
2015-08-18,13.6,13.6,13.35,13.48,13.48,5300.0
2015-08-19,13.43,13.46,13.43,13.46,13.46,2300.0
2015-08-20,13.01,13.23,13.01,13.18,13.18,14500.0
2015-08-21,13.05,13.32,13.05,13.1,13.1,9700.0
2015-08-24,13.0,13.01,12.75,12.75,12.75,13400.0
2015-08-25,12.95,13.11,12.73,13.1,13.1,15500.0
2015-08-26,13.25,13.32,12.97,13.26,13.26,37800.0
2015-08-27,13.16,13.16,12.96,13.07,13.07,4100.0
2015-08-28,13.16,13.25,12.89,13.15,13.15,8500.0
2015-08-31,12.97,13.01,12.85,12.95,12.95,4100.0
2015-09-01,12.66,12.89,12.54,12.89,12.89,4700.0
2015-09-02,12.9,13.02,12.85,13.01,13.01,6600.0
2015-09-03,13.1,13.1,12.82,12.82,12.82,1300.0
2015-09-04,12.81,13.03,12.66,13.01,13.01,12100.0
2015-09-08,13.2,13.2,12.95,13.19,13.19,6000.0
2015-09-09,13.0,13.0,12.95,12.95,12.95,3900.0
2015-09-10,12.95,13.04,12.95,12.95,12.95,3400.0
2015-09-11,12.95,13.05,12.9,13.05,13.05,3700.0
2015-09-14,12.98,13.04,12.86,12.88,12.88,4500.0
2015-09-15,12.99,13.21,12.95,13.15,13.15,39100.0
2015-09-16,13.21,13.25,13.09,13.19,13.19,38200.0
2015-09-17,13.11,13.23,13.1,13.17,13.17,1000.0
2015-09-18,13.02,13.3,13.02,13.24,13.24,12200.0
2015-09-21,13.2,13.2,13.04,13.14,13.14,7700.0
2015-09-22,12.98,13.15,12.98,13.13,13.13,3400.0
2015-09-23,12.98,13.08,12.74,13.08,13.08,4900.0
2015-09-24,12.93,13.19,12.86,13.03,13.03,7300.0
2015-09-25,13.0,13.3,13.0,13.2,13.2,26800.0
2015-09-28,13.12,13.2,12.95,13.14,13.14,8700.0
2015-09-29,12.98,13.14,12.98,13.05,13.05,6300.0
2015-09-30,13.1,13.11,12.98,13.07,13.07,1200.0
2015-10-01,13.07,13.07,13.07,13.07,13.07,0.0
2015-10-02,12.85,12.97,12.75,12.9,12.9,8800.0
2015-10-05,12.92,13.0,12.92,13.0,13.0,2200.0
2015-10-06,12.86,13.0,12.75,12.99,12.99,4700.0
2015-10-07,13.0,13.0,12.75,12.89,12.89,3800.0
2015-10-08,12.9,12.93,12.8,12.9,12.9,98500.0
2015-10-09,12.85,13.0,12.85,12.94,12.94,50800.0
2015-10-12,12.92,12.98,12.69,12.98,12.98,16700.0
2015-10-13,12.77,12.94,12.56,12.66,12.66,29400.0
2015-10-14,12.66,12.66,12.55,12.59,12.59,4600.0
2015-10-15,12.66,12.67,12.54,12.6,12.6,3600.0
2015-10-16,12.6,12.66,12.22,12.35,12.35,38200.0
2015-10-19,12.4,12.45,12.21,12.25,12.25,16500.0
2015-10-20,12.25,12.58,12.25,12.58,12.58,16300.0
2015-10-21,12.75,12.99,12.63,12.94,12.94,21500.0
2015-10-22,12.92,12.92,12.78,12.84,12.84,1800.0
2015-10-23,12.9,13.0,12.56,13.0,13.0,18300.0
2015-10-26,13.0,13.08,12.95,13.05,13.05,3800.0
2015-10-27,12.9,12.95,12.4,12.86,12.86,12300.0
2015-10-28,12.96,13.08,12.8,13.08,13.08,5600.0
2015-10-29,12.9,13.05,12.82,12.91,12.91,8000.0
2015-10-30,12.7,13.0,12.7,12.81,12.81,4600.0
2015-11-02,12.95,13.0,12.81,12.98,12.98,1200.0
2015-11-03,12.82,12.99,12.82,12.93,12.93,5700.0
2015-11-04,12.83,12.99,12.4,12.98,12.98,6200.0
2015-11-05,12.61,12.99,12.57,12.87,12.87,7800.0
2015-11-06,12.96,12.96,12.85,12.95,12.95,2600.0
2015-11-09,12.93,12.94,12.56,12.94,12.94,5900.0
2015-11-10,12.63,12.96,12.27,12.92,12.92,11500.0
2015-11-11,12.9,12.9,12.62,12.88,12.88,1300.0
2015-11-12,12.78,12.85,12.36,12.36,12.36,16800.0
2015-11-13,12.51,12.94,12.51,12.83,12.83,52100.0
2015-11-16,12.94,13.75,12.94,13.56,13.56,59200.0
2015-11-17,13.66,13.8,13.55,13.79,13.79,21800.0
2015-11-18,13.78,13.78,13.46,13.63,13.63,1800.0
2015-11-19,13.6,13.74,13.59,13.7,13.7,9800.0
2015-11-20,13.64,13.74,13.5,13.6,13.6,5100.0
2015-11-23,13.6,13.74,13.6,13.72,13.72,1800.0
2015-11-24,13.69,13.7,13.69,13.7,13.7,2000.0
2015-11-25,13.68,13.68,13.62,13.67,13.67,1600.0
2015-11-27,13.68,13.68,13.68,13.68,13.68,200.0
2015-11-30,13.62,13.7,13.61,13.65,13.65,7200.0
2015-12-01,13.63,13.63,13.5,13.53,13.53,8900.0
2015-12-02,13.51,13.6,13.27,13.42,13.42,14200.0
2015-12-03,13.57,13.62,13.45,13.56,13.56,6600.0
2015-12-04,13.62,13.62,13.33,13.59,13.59,30700.0
2015-12-07,13.51,13.63,13.51,13.6,13.6,6600.0
2015-12-08,13.5,13.68,13.44,13.55,13.55,6000.0
2015-12-09,13.55,13.69,13.29,13.57,13.57,5200.0
2015-12-10,13.62,13.69,13.6,13.6,13.6,1300.0
2015-12-11,13.56,13.69,13.55,13.6,13.6,2500.0
2015-12-14,13.57,13.63,13.35,13.6,13.6,18100.0
2015-12-15,13.5,13.73,13.5,13.54,13.54,6600.0
2015-12-16,13.57,13.62,13.46,13.53,13.53,6000.0
2015-12-17,13.35,13.53,13.26,13.3,13.3,5900.0
2015-12-18,13.16,13.26,13.15,13.16,13.16,5400.0
2015-12-21,13.14,13.5,13.14,13.15,13.15,8500.0
2015-12-22,13.11,13.25,13.1,13.16,13.16,10800.0
2015-12-23,13.2,13.5,13.07,13.43,13.43,16600.0
2015-12-24,13.31,13.45,13.25,13.45,13.45,1500.0
2015-12-28,13.35,13.49,13.21,13.21,13.21,3500.0
2015-12-29,13.19,13.48,13.19,13.33,13.33,7400.0
2015-12-30,13.3,14.38,13.3,14.15,14.15,97800.0
2015-12-31,14.38,14.5,14.24,14.45,14.45,30500.0
2016-01-04,14.45,15.15,14.21,15.04,15.04,26600.0
2016-01-05,15.0,15.71,15.0,15.13,15.13,14900.0
2016-01-06,15.16,15.16,14.71,14.84,14.84,20800.0
2016-01-07,14.82,14.85,14.75,14.76,14.76,8200.0
2016-01-08,14.63,14.92,14.63,14.92,14.92,2700.0
2016-01-11,14.57,14.82,14.57,14.77,14.77,14200.0
2016-01-12,14.9,14.9,14.71,14.81,14.81,5100.0
2016-01-13,14.65,14.85,14.57,14.65,14.65,16400.0
2016-01-14,14.68,14.68,14.55,14.55,14.55,12100.0
2016-01-15,14.5,14.5,14.16,14.21,14.21,17300.0
2016-01-19,14.54,14.54,14.25,14.25,14.25,9600.0
2016-01-20,14.2,14.44,14.1,14.3,14.3,14000.0
2016-01-21,14.3,14.81,14.3,14.71,14.71,13800.0
2016-01-22,14.9,15.0,14.81,14.83,14.83,41400.0
2016-01-25,14.95,14.95,14.61,14.83,14.83,6700.0
2016-01-26,15.0,15.0,14.65,14.66,14.66,10800.0
2016-01-27,14.86,14.86,14.6,14.72,14.72,25200.0
2016-01-28,14.71,14.81,14.55,14.55,14.55,13200.0
2016-01-29,14.6,14.94,14.6,14.94,14.94,13800.0
2016-02-01,14.81,14.87,14.75,14.87,14.87,3000.0
2016-02-02,14.87,14.95,14.84,14.94,14.94,6300.0
2016-02-03,15.0,15.0,14.62,14.63,14.63,13500.0
2016-02-04,14.7,14.87,14.61,14.62,14.62,2900.0
2016-02-05,14.61,14.68,14.1,14.33,14.33,4900.0
2016-02-08,14.3,14.47,14.25,14.35,14.35,53600.0
2016-02-09,14.25,14.39,14.1,14.1,14.1,4700.0
2016-02-10,14.18,14.3,14.18,14.18,14.18,1400.0
2016-02-11,14.1,14.35,14.1,14.22,14.22,7700.0
2016-02-12,14.29,14.3,13.7,13.9,13.9,7900.0
2016-02-16,14.1,14.11,14.04,14.04,14.04,7600.0
2016-02-17,14.11,14.61,14.09,14.61,14.61,5000.0
2016-02-18,14.58,14.63,14.5,14.58,14.58,5800.0
2016-02-19,14.53,14.87,14.1,14.51,14.51,26100.0
2016-02-22,14.33,14.57,14.16,14.41,14.41,5700.0
2016-02-23,14.6,14.6,14.34,14.4,14.4,3400.0
2016-02-24,14.31,14.5,14.25,14.5,14.5,2000.0
2016-02-25,14.4,14.75,14.4,14.75,14.75,3700.0
2016-02-26,14.61,14.74,14.61,14.66,14.66,2300.0
2016-02-29,14.62,14.74,14.53,14.54,14.54,2300.0
2016-03-01,14.65,14.7,14.6,14.68,14.68,8500.0
2016-03-02,14.7,14.7,14.51,14.66,14.66,5100.0
2016-03-03,14.52,14.6,14.52,14.59,14.59,7700.0
2016-03-04,14.46,14.64,14.43,14.59,14.59,10100.0
2016-03-07,14.41,14.57,14.41,14.52,14.52,5100.0
2016-03-08,14.5,14.5,14.13,14.35,14.35,7300.0
2016-03-09,14.33,14.6,14.33,14.4,14.4,3400.0
2016-03-10,14.3,14.73,14.3,14.37,14.37,7500.0
2016-03-11,14.53,14.54,14.26,14.31,14.31,17000.0
2016-03-14,14.35,14.54,14.16,14.16,14.16,16200.0
2016-03-15,14.15,14.36,14.15,14.35,14.35,6000.0
2016-03-16,14.45,15.2,14.45,15.13,15.13,48400.0
2016-03-17,15.15,15.73,15.15,15.46,15.46,20900.0
2016-03-18,15.35,15.62,15.2,15.3,15.3,14900.0
2016-03-21,15.42,15.61,15.2,15.3,15.3,14100.0
2016-03-22,15.65,15.8,15.53,15.8,15.8,7500.0
2016-03-23,15.6,15.82,15.6,15.81,15.81,14100.0
2016-03-24,15.88,16.0,15.86,15.99,15.99,8900.0
2016-03-28,15.9,16.0,15.8,15.98,15.98,26500.0
2016-03-29,15.95,16.26,15.91,16.07,16.07,16700.0
2016-03-30,16.07,16.389999,16.07,16.200001,16.200001,58700.0
2016-03-31,16.35,16.440001000000002,16.24,16.27,16.27,4400.0
2016-04-01,16.280001000000002,16.49,16.27,16.49,16.49,6300.0
2016-04-04,16.450001,16.6,16.32,16.440001000000002,16.440001000000002,67200.0
2016-04-05,16.299999,16.4,15.46,16.280001000000002,16.280001000000002,7800.0
2016-04-06,16.280001000000002,16.370001000000002,16.27,16.27,16.27,1400.0
2016-04-07,16.389999,16.4,16.299999,16.370001000000002,16.370001000000002,4700.0
2016-04-08,16.35,16.35,16.209999,16.209999,16.209999,3500.0
2016-04-11,16.209999,16.209999,15.76,15.95,15.95,5500.0
2016-04-12,16.07,16.299999,16.040001,16.26,16.26,3400.0
2016-04-13,16.200001,16.299999,15.76,15.86,15.86,2900.0
2016-04-14,15.86,15.99,15.75,15.87,15.87,74500.0
2016-04-15,15.9,15.93,15.8,15.92,15.92,79500.0
2016-04-18,15.85,15.9,15.77,15.9,15.9,4600.0
2016-04-19,15.87,16.129998999999998,15.87,16.129998999999998,16.129998999999998,3600.0
2016-04-20,15.9,15.9,15.8,15.9,15.9,2500.0
2016-04-21,16.02,16.02,15.9,15.96,15.96,3400.0
2016-04-22,15.9,15.9,15.59,15.9,15.9,4600.0
2016-04-25,15.76,15.78,15.76,15.78,15.78,3200.0
2016-04-26,15.89,15.89,15.78,15.89,15.89,2200.0
2016-04-27,15.76,15.9,15.76,15.81,15.81,13900.0
2016-04-28,15.89,15.97,15.89,15.97,15.97,9500.0
2016-04-29,16.0,16.190001000000002,15.96,16.110001,16.110001,20900.0
2016-05-02,15.98,16.16,15.96,16.16,16.16,3700.0
2016-05-03,15.95,16.139999,15.95,16.139999,16.139999,7800.0
2016-05-04,15.99,16.1,15.99,16.1,16.1,2900.0
2016-05-05,16.190001000000002,16.200001,16.17,16.17,16.17,2700.0
2016-05-06,16.01,16.1,16.01,16.01,16.01,3000.0
2016-05-09,16.07,16.07,16.01,16.01,16.01,4300.0
2016-05-10,16.02,16.120001000000002,16.02,16.1,16.1,2700.0
2016-05-11,16.5,16.799999,16.5,16.780001000000002,16.780001000000002,27400.0
2016-05-12,16.799999,16.799999,16.6,16.700001,16.700001,8600.0
2016-05-13,16.799999,16.799999,16.700001,16.799999,16.799999,25600.0
2016-05-16,16.74,16.950001,16.700001,16.93,16.93,32900.0
2016-05-17,16.950001,16.950001,16.85,16.879998999999998,16.879998999999998,4000.0
2016-05-18,16.799999,16.889999,16.799999,16.870001000000002,16.870001000000002,1400.0
2016-05-19,16.889999,17.09,16.889999,17.02,17.02,11200.0
2016-05-20,16.99,17.24,16.9,16.99,16.99,11900.0
2016-05-23,16.91,17.1,16.91,17.049999,17.049999,4400.0
2016-05-24,17.07,17.209999,17.030001000000002,17.18,17.18,4700.0
2016-05-25,17.25,17.4,17.16,17.309998999999998,17.309998999999998,51400.0
2016-05-26,17.24,17.5,17.24,17.459999,17.459999,8400.0
2016-05-27,17.52,17.780001000000002,17.42,17.719998999999998,17.719998999999998,60500.0
2016-05-31,17.77,17.77,16.93,17.65,17.65,5300.0
2016-06-01,17.6,17.75,17.6,17.67,17.67,20500.0
2016-06-02,17.610001,17.610001,17.610001,17.610001,17.610001,600.0
2016-06-03,17.620001000000002,17.620001000000002,17.4,17.4,17.4,7400.0
2016-06-06,17.0,17.34,16.98,17.15,17.15,12500.0
2016-06-07,17.15,17.34,17.15,17.25,17.25,1100.0
2016-06-08,17.299999,17.370001000000002,17.299999,17.360001,17.360001,2200.0
2016-06-09,17.33,17.360001,17.15,17.309998999999998,17.309998999999998,10200.0
2016-06-10,17.309998999999998,17.469998999999998,17.209999,17.4,17.4,17400.0
2016-06-13,17.26,17.6,17.26,17.309998999999998,17.309998999999998,8300.0
2016-06-14,17.35,17.5,17.27,17.49,17.49,6800.0
2016-06-15,17.370001000000002,17.6,17.370001000000002,17.49,17.49,10300.0
2016-06-16,17.49,17.6,17.43,17.58,17.58,1500.0
2016-06-17,17.67,17.700001,17.48,17.700001,17.700001,10100.0
2016-06-20,17.73,17.98,17.65,17.82,17.82,11100.0
2016-06-21,17.879998999999998,17.91,17.6,17.879998999999998,17.879998999999998,8100.0
2016-06-22,18.0,18.0,17.76,17.91,17.91,12600.0
2016-06-23,17.92,18.25,17.84,18.25,18.25,10800.0
2016-06-24,18.209999,18.93,18.209999,18.469998999999998,18.469998999999998,15900.0
2016-06-27,18.49,18.49,17.879998999999998,18.07,18.07,7500.0
2016-06-28,18.07,18.09,18.0,18.0,18.0,4500.0
2016-06-29,,,,,,
2016-06-30,18.450001,18.450001,18.0,18.15,18.15,2300.0
2016-07-01,18.0,18.209999,18.0,18.0,18.0,6300.0
2016-07-05,18.0,18.450001,18.0,18.01,18.01,3200.0
2016-07-06,18.0,18.24,18.0,18.049999,18.049999,3400.0
2016-07-07,18.1,18.25,18.1,18.25,18.25,4400.0
2016-07-08,18.5,18.5,18.370001000000002,18.42,18.42,3800.0
2016-07-11,18.17,18.440001000000002,18.01,18.440001000000002,18.440001000000002,4000.0
2016-07-12,18.290001,18.43,18.290001,18.290001,18.290001,4300.0
2016-07-13,18.15,18.49,18.15,18.469998999999998,18.469998999999998,6100.0
2016-07-14,18.41,18.540001,18.299999,18.389999,18.389999,10200.0
2016-07-15,18.01,18.459999,18.01,18.459999,18.459999,2400.0
2016-07-18,18.290001,18.440001000000002,18.18,18.23,18.23,3800.0
2016-07-19,18.110001,18.309998999999998,18.110001,18.15,18.15,4500.0
2016-07-20,18.27,18.469998999999998,18.200001,18.280001000000002,18.280001000000002,8200.0
2016-07-21,18.27,18.49,18.129998999999998,18.219998999999998,18.219998999999998,3500.0
2016-07-22,18.25,18.5,18.25,18.41,18.41,2600.0
2016-07-25,18.299999,18.43,18.23,18.299999,18.299999,3500.0
2016-07-26,18.25,18.34,18.1,18.129998999999998,18.129998999999998,8400.0
2016-07-27,18.25,18.280001000000002,18.1,18.280001000000002,18.280001000000002,4500.0
2016-07-28,18.129998999999998,18.33,18.1,18.26,18.26,22000.0
2016-07-29,18.24,18.32,18.110001,18.299999,18.299999,37100.0
2016-08-01,18.25,18.440001000000002,18.25,18.440001000000002,18.440001000000002,3400.0
2016-08-02,18.33,18.48,18.309998999999998,18.360001,18.360001,2600.0
2016-08-03,18.32,18.360001,18.299999,18.32,18.32,1600.0
2016-08-04,18.379998999999998,18.440001000000002,18.360001,18.41,18.41,3000.0
2016-08-05,18.41,18.41,18.34,18.34,18.34,1800.0
2016-08-08,18.4,18.5,18.4,18.5,18.5,6700.0
2016-08-09,18.75,19.25,18.49,18.52,18.52,34200.0
2016-08-10,18.549999,18.82,18.41,18.42,18.42,4100.0
2016-08-11,18.459999,18.709999,18.4,18.620001000000002,18.620001000000002,4100.0
2016-08-12,18.92,18.92,18.309998999999998,18.5,18.5,6900.0
2016-08-15,18.450001,18.959999,18.4,18.540001,18.540001,7400.0
2016-08-16,18.5,18.690001000000002,18.49,18.51,18.51,10400.0
2016-08-17,18.360001,18.59,18.35,18.549999,18.549999,2200.0
2016-08-18,18.450001,18.629998999999998,18.450001,18.450001,18.450001,14200.0
2016-08-19,18.4,18.75,18.4,18.59,18.59,2200.0
2016-08-22,18.450001,18.57,18.450001,18.57,18.57,5500.0
2016-08-23,18.51,18.65,18.360001,18.459999,18.459999,3900.0
2016-08-24,18.35,18.57,18.1,18.35,18.35,13300.0
2016-08-25,18.379998999999998,18.43,18.35,18.360001,18.360001,3400.0
2016-08-26,18.389999,18.530001000000002,18.389999,18.530001000000002,18.530001000000002,5300.0
2016-08-29,18.5,18.6,18.41,18.41,18.41,1500.0
2016-08-30,18.4,18.6,18.4,18.540001,18.540001,1400.0
2016-08-31,18.5,18.5,18.32,18.32,18.32,3200.0
2016-09-01,18.299999,18.41,18.290001,18.41,18.41,14400.0
2016-09-02,18.469998999999998,18.530001000000002,18.35,18.450001,18.450001,4500.0
2016-09-06,18.450001,18.469998999999998,18.35,18.459999,18.459999,37400.0
2016-09-07,18.280001000000002,18.57,18.25,18.57,18.57,2600.0
2016-09-08,18.25,18.450001,18.25,18.42,18.42,800.0
2016-09-09,18.379998999999998,18.450001,18.360001,18.450001,18.450001,6100.0
2016-09-12,18.32,18.32,18.25,18.25,18.25,6900.0
2016-09-13,18.219998999999998,18.4,18.219998999999998,18.35,18.35,2200.0
2016-09-14,18.299999,18.299999,17.969998999999998,18.16,18.16,8200.0
2016-09-15,18.129998999999998,18.200001,18.1,18.1,18.1,8900.0
2016-09-16,18.1,18.24,18.0,18.1,18.1,7100.0
2016-09-19,18.059998999999998,18.209999,18.049999,18.129998999999998,18.129998999999998,13200.0
2016-09-20,18.200001,18.200001,18.1,18.1,18.1,18800.0
2016-09-21,18.09,18.09,17.780001000000002,17.969998999999998,17.969998999999998,11900.0
2016-09-22,18.07,18.07,17.99,18.07,18.07,7500.0
2016-09-23,18.040001,18.040001,17.9,17.91,17.91,13600.0
2016-09-26,18.0,18.25,18.0,18.17,18.17,4400.0
2016-09-27,18.120001000000002,18.43,18.1,18.25,18.25,6300.0
2016-09-28,18.25,18.280001000000002,18.24,18.25,18.25,56600.0
2016-09-29,18.25,18.25,18.25,18.25,18.25,0.0
2016-09-30,18.129998999999998,18.219998999999998,18.01,18.219998999999998,18.219998999999998,5100.0
2016-10-03,18.08,18.08,17.35,17.799999,17.799999,44500.0
2016-10-04,17.690001000000002,18.190001000000002,17.42,18.190001000000002,18.190001000000002,17000.0
2016-10-05,18.030001000000002,18.09,17.950001,17.950001,17.950001,41600.0
2016-10-06,17.99,17.99,17.76,17.76,17.76,2600.0
2016-10-07,17.709999,17.799999,17.65,17.700001,17.700001,4600.0
2016-10-10,17.5,17.58,17.4,17.530001000000002,17.530001000000002,20200.0
2016-10-11,17.299999,17.549999,17.299999,17.5,17.5,7000.0
2016-10-12,17.5,17.700001,17.5,17.51,17.51,5900.0
2016-10-13,17.51,17.6,17.5,17.51,17.51,2000.0
2016-10-14,17.530001000000002,17.709999,17.41,17.41,17.41,7300.0
2016-10-17,17.4,17.5,17.15,17.4,17.4,14700.0
2016-10-18,17.200001,17.5,17.1,17.5,17.5,6000.0
2016-10-19,17.35,17.5,17.35,17.5,17.5,1400.0
2016-10-20,17.450001,17.450001,17.299999,17.4,17.4,19200.0
2016-10-21,17.4,17.5,17.35,17.35,17.35,2700.0
2016-10-24,17.4,17.5,17.4,17.450001,17.450001,4100.0
2016-10-25,17.450001,17.450001,17.4,17.450001,17.450001,7800.0
2016-10-26,17.450001,17.65,17.299999,17.35,17.35,10600.0
2016-10-27,17.35,17.5,17.35,17.5,17.5,4000.0
2016-10-28,17.450001,17.65,17.450001,17.6,17.6,1700.0
2016-10-31,17.6,17.6,17.549999,17.6,17.6,1400.0
2016-11-01,17.65,17.65,17.6,17.65,17.65,1800.0
2016-11-02,17.73,17.73,17.73,17.73,17.73,200.0
2016-11-03,17.6,17.68,17.6,17.6,17.6,1300.0
2016-11-04,17.700001,17.700001,17.549999,17.549999,17.549999,900.0
2016-11-07,17.5,17.540001,17.5,17.5,17.5,1200.0
2016-11-08,17.5,17.549999,17.5,17.549999,17.549999,2800.0
2016-11-09,18.0,18.35,17.75,17.75,17.75,75000.0
2016-11-10,18.0,18.02,17.92,18.0,18.0,2700.0
2016-11-11,18.049999,18.200001,17.950001,17.950001,17.950001,24000.0
2016-11-14,18.049999,18.1,17.75,17.85,17.85,20300.0
2016-11-15,17.549999,17.77,17.549999,17.700001,17.700001,4600.0
2016-11-16,17.75,17.780001000000002,17.65,17.65,17.65,2500.0
2016-11-17,17.33,17.799999,17.33,17.700001,17.700001,5100.0
2016-11-18,17.6,17.6,17.5,17.6,17.6,1700.0
2016-11-21,17.6,17.85,17.549999,17.6,17.6,16100.0
2016-11-22,17.5,17.799999,17.5,17.75,17.75,4600.0
2016-11-23,17.85,17.85,17.75,17.799999,17.799999,22700.0
2016-11-25,17.950001,17.950001,17.950001,17.950001,17.950001,300.0
2016-11-28,18.0,18.0,17.75,17.799999,17.799999,5900.0
2016-11-29,17.85,17.870001000000002,17.75,17.85,17.85,3500.0
2016-11-30,17.799999,17.799999,17.6,17.799999,17.799999,14400.0
2016-12-01,17.82,17.82,17.549999,17.6,17.6,8900.0
2016-12-02,17.5,17.799999,17.5,17.799999,17.799999,18400.0
2016-12-05,17.66,17.799999,17.65,17.700001,17.700001,34800.0
2016-12-06,17.799999,17.799999,17.700001,17.75,17.75,5200.0
2016-12-07,17.799999,17.799999,17.75,17.75,17.75,35400.0
2016-12-08,17.799999,18.01,17.75,17.950001,17.950001,32000.0
2016-12-09,18.1,18.459999,18.01,18.23,18.23,20600.0
2016-12-12,18.4,18.5,18.25,18.25,18.25,19500.0
2016-12-13,18.25,18.5,18.25,18.4,18.4,5000.0
2016-12-14,18.389999,18.43,18.35,18.35,18.35,2300.0
2016-12-15,17.9,18.35,17.9,18.200001,18.200001,6400.0
2016-12-16,18.25,18.450001,18.200001,18.450001,18.450001,9500.0
2016-12-19,18.33,18.4,18.33,18.35,18.35,1100.0
2016-12-20,18.25,18.5,18.25,18.4,18.4,2300.0
2016-12-21,18.5,18.5,18.4,18.42,18.42,3100.0
2016-12-22,18.370001000000002,18.4,18.299999,18.35,18.35,6100.0
2016-12-23,18.35,18.5,18.299999,18.299999,18.299999,12500.0
2016-12-27,18.4,18.440001000000002,18.299999,18.4,18.4,12200.0
2016-12-28,18.299999,18.700001,18.299999,18.700001,18.700001,12100.0
2016-12-29,18.6,18.9,18.6,18.9,18.9,9100.0
2016-12-30,18.85,19.1,18.85,19.0,19.0,7700.0
2017-01-03,19.01,19.25,19.0,19.15,19.15,20500.0
2017-01-04,19.200001,19.42,19.15,19.25,19.25,31400.0
2017-01-05,19.299999,19.75,19.299999,19.6,19.6,22100.0
2017-01-06,19.75,20.0,19.65,19.950001,19.950001,14400.0
2017-01-09,19.65,20.0,19.65,19.799999,19.799999,21100.0
2017-01-10,19.85,20.15,19.85,20.15,20.15,39100.0
2017-01-11,20.200001,20.200001,20.049999,20.049999,20.049999,54400.0
2017-01-12,20.129998999999998,20.5,20.129998999999998,20.4,20.4,14100.0
2017-01-13,20.5,20.5,20.299999,20.299999,20.299999,7700.0
2017-01-17,20.200001,20.299999,20.09,20.15,20.15,8300.0
2017-01-18,20.200001,20.450001,20.200001,20.299999,20.299999,4400.0
2017-01-19,20.25,20.25,20.1,20.200001,20.200001,15400.0
2017-01-20,20.35,20.5,20.35,20.5,20.5,8500.0
2017-01-23,20.1,20.5,20.1,20.25,20.25,18100.0
2017-01-24,20.299999,20.5,20.23,20.5,20.5,6000.0
2017-01-25,20.5,20.700001,20.5,20.5,20.5,22500.0
2017-01-26,20.700001,21.1,20.549999,21.1,21.1,18200.0
2017-01-27,21.200001,21.5,20.98,21.4,21.4,21500.0
2017-01-30,21.5,22.15,21.5,22.049999,22.049999,33900.0
2017-01-31,22.299999,22.360001,22.1,22.15,22.15,11100.0
2017-02-01,22.26,22.26,22.1,22.25,22.25,6000.0
2017-02-02,22.25,22.4,22.25,22.35,22.35,5400.0
2017-02-03,22.35,22.450001,22.200001,22.200001,22.200001,8000.0
2017-02-06,22.450001,22.5,22.1,22.299999,22.299999,7900.0
2017-02-07,22.23,22.41,22.15,22.15,22.15,8800.0
2017-02-08,22.379998999999998,22.379998999999998,22.049999,22.15,22.15,8300.0
2017-02-09,22.15,22.200001,22.15,22.200001,22.200001,4700.0
2017-02-10,22.15,22.299999,22.15,22.200001,22.200001,7800.0
2017-02-13,22.15,22.299999,22.15,22.25,22.25,2900.0
2017-02-14,22.08,22.15,22.08,22.15,22.15,1000.0
2017-02-15,22.299999,22.450001,22.15,22.450001,22.450001,6800.0
2017-02-16,22.450001,22.6,22.43,22.6,22.6,8100.0
2017-02-17,22.6,22.65,22.549999,22.65,22.65,2400.0
2017-02-21,22.75,22.75,22.5,22.700001,22.700001,3800.0
2017-02-22,22.700001,22.700001,22.450001,22.5,22.5,7700.0
2017-02-23,22.299999,22.450001,22.280001000000002,22.35,22.35,3200.0
2017-02-24,21.85,22.4,21.049999,22.25,22.25,7900.0
2017-02-27,22.25,22.299999,21.969998999999998,22.299999,22.299999,5700.0
2017-02-28,22.5,22.5,22.15,22.299999,22.299999,3800.0
2017-03-01,22.549999,22.549999,22.15,22.299999,22.299999,3000.0
2017-03-02,22.450001,22.450001,22.200001,22.200001,22.200001,2900.0
2017-03-03,22.1,22.35,22.1,22.200001,22.200001,3400.0
2017-03-06,22.15,22.450001,22.15,22.15,22.15,6800.0
2017-03-07,22.1,22.200001,21.790001,22.15,22.15,13800.0
2017-03-08,22.15,22.200001,22.0,22.049999,22.049999,11200.0
2017-03-09,22.15,22.15,22.049999,22.1,22.1,6500.0
2017-03-10,22.4,22.4,22.0,22.049999,22.049999,6300.0
2017-03-13,22.280001000000002,22.280001000000002,21.75,22.0,22.0,14500.0
2017-03-14,22.1,22.1,22.0,22.0,22.0,7000.0
2017-03-15,22.059998999999998,22.200001,21.450001,21.450001,21.450001,9800.0
2017-03-16,21.1,21.35,21.0,21.35,21.35,42800.0
2017-03-17,21.5,22.0,21.5,22.0,22.0,13700.0
2017-03-20,21.85,23.049999,21.85,22.9,22.9,46600.0
2017-03-21,23.049999,23.5,23.049999,23.4,23.4,31800.0
2017-03-22,23.4,23.4,23.0,23.0,23.0,10600.0
2017-03-23,23.1,23.25,22.700001,23.1,23.1,8600.0
2017-03-24,23.15,23.200001,23.15,23.200001,23.200001,2700.0
2017-03-27,23.01,23.1,22.75,23.07,23.07,4000.0
2017-03-28,23.049999,23.1,22.92,23.040001,23.040001,13000.0
2017-03-29,23.030001000000002,23.25,23.0,23.25,23.25,4600.0
2017-03-30,23.1,23.25,23.1,23.1,23.1,6700.0
2017-03-31,23.1,23.299999,23.1,23.25,23.25,36600.0
2017-04-03,23.299999,23.299999,23.129998999999998,23.200001,23.200001,2800.0
2017-04-04,23.15,23.200001,23.15,23.200001,23.200001,2900.0
2017-04-05,23.15,23.25,23.1,23.25,23.25,14000.0
2017-04-06,23.299999,23.450001,23.299999,23.450001,23.450001,2500.0
2017-04-07,23.4,23.5,23.280001000000002,23.5,23.5,6900.0
2017-04-10,23.370001000000002,23.41,23.299999,23.299999,23.299999,1600.0
2017-04-11,23.25,23.4,23.25,23.4,23.4,1900.0
2017-04-12,23.25,23.4,23.25,23.4,23.4,3600.0
2017-04-13,23.1,23.4,23.1,23.4,23.4,600.0
2017-04-17,23.35,23.4,23.35,23.4,23.4,1400.0
2017-04-18,23.35,23.450001,23.299999,23.299999,23.299999,1100.0
2017-04-19,23.219998999999998,23.219998999999998,23.1,23.200001,23.200001,2700.0
2017-04-20,23.25,23.35,23.129998999999998,23.35,23.35,1800.0
2017-04-21,23.190001000000002,23.190001000000002,23.190001000000002,23.190001000000002,23.190001000000002,600.0
2017-04-24,23.1,23.4,23.1,23.4,23.4,1400.0
2017-04-25,23.450001,23.450001,23.200001,23.25,23.25,3800.0
2017-04-26,23.27,23.27,23.25,23.25,23.25,8200.0
2017-04-27,23.15,23.33,23.1,23.33,23.33,3700.0
2017-04-28,23.450001,23.450001,23.299999,23.299999,23.299999,1400.0
2017-05-01,23.25,23.5,23.200001,23.5,23.5,16100.0
2017-05-02,23.35,23.5,23.35,23.4,23.4,1800.0
2017-05-03,23.450001,23.65,23.450001,23.65,23.65,9400.0
2017-05-04,23.450001,23.549999,23.4,23.4,23.4,2000.0
2017-05-05,23.4,23.450001,23.4,23.450001,23.450001,4800.0
2017-05-08,23.450001,23.65,23.4,23.530001000000002,23.530001000000002,9900.0
2017-05-09,23.700001,24.0,23.6,23.6,23.6,9200.0
2017-05-10,22.75,23.200001,22.16,23.1,23.1,22000.0
2017-05-11,23.35,23.35,23.0,23.0,23.0,3900.0
2017-05-12,23.200001,23.209999,22.9,22.9,22.9,4000.0
2017-05-15,22.950001,23.35,22.950001,23.200001,23.200001,12600.0
2017-05-16,23.200001,23.450001,23.200001,23.200001,23.200001,3000.0
2017-05-17,23.049999,23.360001,23.049999,23.049999,23.049999,2100.0
2017-05-18,23.299999,23.35,23.0,23.35,23.35,7000.0
2017-05-19,23.35,23.35,23.25,23.25,23.25,1400.0
2017-05-22,23.25,23.4,22.889999,23.25,23.25,3900.0
2017-05-23,22.85,23.299999,22.5,23.299999,23.299999,3400.0
2017-05-24,23.040001,23.299999,22.639999,23.299999,23.299999,2000.0
2017-05-25,23.02,23.389999,23.02,23.389999,23.389999,2600.0
2017-05-26,23.299999,23.299999,23.299999,23.299999,23.299999,1000.0
2017-05-30,23.02,23.299999,23.0,23.299999,23.299999,3500.0
2017-05-31,23.0,23.110001,23.0,23.110001,23.110001,5800.0
2017-06-01,23.049999,23.26,23.049999,23.25,23.25,1500.0
2017-06-02,23.200001,23.35,23.200001,23.25,23.25,3200.0
2017-06-05,23.35,23.4,23.25,23.25,23.25,7000.0
2017-06-06,22.950001,23.370001000000002,22.75,23.299999,23.299999,2000.0
2017-06-07,23.07,23.200001,23.07,23.200001,23.200001,300.0
2017-06-08,23.0,23.4,22.75,22.9,22.9,3200.0
2017-06-09,22.799999,22.9,22.58,22.9,22.9,10100.0
2017-06-12,22.790001,22.950001,22.549999,22.85,22.85,3500.0
2017-06-13,22.65,22.9,22.65,22.85,22.85,1000.0
2017-06-14,22.77,22.969998999999998,22.75,22.9,22.9,3300.0
2017-06-15,22.950001,22.950001,22.25,22.35,22.35,9000.0
2017-06-16,22.469998999999998,22.5,22.35,22.4,22.4,10100.0
2017-06-19,22.4,22.85,22.1,22.25,22.25,6900.0
2017-06-20,22.049999,22.860001,22.049999,22.799999,22.799999,4900.0
2017-06-21,22.799999,22.799999,22.6,22.75,22.75,4600.0
2017-06-22,22.85,22.879998999999998,22.5,22.700001,22.700001,5900.0
2017-06-23,22.0,22.9,22.0,22.4,22.4,7300.0
2017-06-26,22.530001000000002,22.85,22.0,22.799999,22.799999,3700.0
2017-06-27,22.799999,22.879998999999998,22.799999,22.799999,22.799999,3500.0
2017-06-28,22.77,22.9,22.700001,22.700001,22.700001,2900.0
2017-06-29,22.700001,22.950001,22.700001,22.85,22.85,2400.0
2017-06-30,22.950001,22.950001,22.85,22.85,22.85,6600.0
2017-07-03,22.1,22.85,22.1,22.85,22.85,3400.0
2017-07-05,22.9,22.9,22.799999,22.799999,22.799999,1800.0
2017-07-06,22.799999,23.01,22.0,22.5,22.5,14300.0
2017-07-07,22.5,22.639999,22.5,22.5,22.5,6100.0
2017-07-10,22.700001,22.799999,22.700001,22.799999,22.799999,2400.0
2017-07-11,22.549999,22.799999,22.549999,22.799999,22.799999,5600.0
2017-07-12,22.799999,23.0,22.799999,22.9,22.9,27200.0
