Date,Open,High,Low,Close,Adj Close,Volume
2011-12-07,27.5,27.76,24.0,27.450001,27.450001,1413700
2011-12-08,26.059998999999998,27.780001000000002,25.76,26.549999,26.549999,719600
2011-12-09,27.93,28.0,26.700001,27.91,27.91,716200
2011-12-12,28.280001000000002,28.280001000000002,27.0,27.450001,27.450001,393300
2011-12-13,28.530001000000002,28.530001000000002,27.01,27.5,27.5,452500
2011-12-14,28.190001000000002,28.190001000000002,26.85,27.120001000000002,27.120001000000002,444400
2011-12-15,27.870001000000002,29.1,27.6,28.33,28.33,1417600
2011-12-16,29.92,29.92,28.0,28.459999,28.459999,966700
2011-12-19,28.690001000000002,29.459999,28.41,28.969998999999998,28.969998999999998,1048500
2011-12-20,29.5,30.620001000000002,29.469998999999998,30.25,30.25,2017200
2011-12-21,30.0,30.0,27.51,27.67,27.67,2871800
2011-12-22,27.120001000000002,27.6,23.99,24.530001000000002,24.530001000000002,6294100
2011-12-23,24.709999,27.139999,24.5,26.02,26.02,2744200
2011-12-27,25.360001,26.1,24.629998999999998,25.940001000000002,25.940001000000002,2887400
2011-12-28,25.25,25.98,24.940001000000002,25.77,25.77,2098600
2011-12-29,25.540001,25.66,24.790001,24.82,24.82,2247300
2011-12-30,24.969998999999998,25.549999,24.639999,25.209999,25.209999,1798400
2012-01-03,26.15,27.35,26.110001,26.629998999999998,26.629998999999998,3721800
2012-01-04,25.82,26.09,25.41,25.68,25.68,1681000
2012-01-05,24.57,25.82,24.57,25.52,25.52,1534700
2012-01-06,25.52,26.02,25.17,25.57,25.57,1484800
2012-01-09,25.74,26.77,25.65,26.26,26.26,1965300
2012-01-10,26.73,28.24,26.59,27.75,27.75,4177500
2012-01-11,26.690001000000002,28.219998999999998,26.559998999999998,27.790001,27.790001,1803300
2012-01-12,27.870001000000002,29.17,27.799999,28.459999,28.459999,2005600
2012-01-13,28.219998999999998,29.77,27.93,29.51,29.51,1993400
2012-01-17,29.58,29.799999,28.91,28.99,28.99,3210100
2012-01-18,28.690001000000002,29.43,28.52,29.030001000000002,29.030001000000002,1205200
2012-01-19,29.1,30.889999,29.02,30.33,30.33,2712900
2012-01-20,30.42,30.49,29.82,30.4,30.4,1307600
2012-01-23,30.540001,30.790001,30.23,30.379998999999998,30.379998999999998,2565400
2012-01-24,30.139999,30.75,29.969998999999998,30.690001000000002,30.690001000000002,1299100
2012-01-25,30.549999,32.330002,30.549999,31.49,31.49,2349300
2012-01-26,31.48,31.940001000000002,30.459999,31.049999,31.049999,1881500
2012-01-27,30.389999,31.459999,30.35,31.24,31.24,1227500
2012-01-30,30.959999,31.84,30.639999,31.639999,31.639999,904500
2012-01-31,30.84,33.040001000000004,30.84,32.91,32.91,1261100
2012-02-01,33.110001000000004,35.169998,33.080002,35.060001,35.060001,3610100
2012-02-02,35.279999,35.599998,33.830002,34.880001,34.880001,2447800
2012-02-03,35.07,35.93,35.07,35.380001,35.380001,2993500
2012-02-06,35.349998,35.75,35.060001,35.150002,35.150002,1968000
2012-02-07,35.279999,35.48,34.82,34.84,34.84,2235900
2012-02-08,34.779999,34.970001,33.02,34.34,34.34,3220900
2012-02-09,28.280001000000002,29.85,27.99,29.34,29.34,12923400
2012-02-10,29.02,30.889999,28.65,30.040001,30.040001,3623600
2012-02-13,30.07,30.129998999999998,28.5,28.59,28.59,2396400
2012-02-14,28.700001,28.790001,26.93,27.629998999999998,27.629998999999998,4072100
2012-02-15,27.799999,30.1,27.52,29.280001000000002,29.280001000000002,4922800
2012-02-16,29.27,30.65,28.73,30.4,30.4,2583300
2012-02-17,30.5,30.940001000000002,29.950001,30.700001,30.700001,1939900
2012-02-21,30.610001,30.74,30.120001000000002,30.67,30.67,2462700
2012-02-22,30.950001,30.950001,29.85,30.0,30.0,3275500
2012-02-23,30.059998999999998,30.690001000000002,29.559998999999998,30.59,30.59,2041700
2012-02-24,30.190001000000002,32.0,30.190001000000002,31.799999,31.799999,1904100
2012-02-27,31.379998999999998,32.080002,31.139999,31.91,31.91,1438400
2012-02-28,32.09,33.490002000000004,32.0,32.310001,32.310001,2442000
2012-02-29,32.32,32.43,31.67,32.23,32.23,1356200
2012-03-01,31.889999,32.880001,31.09,32.619999,32.619999,2641400
2012-03-02,32.369999,33.09,32.040001000000004,32.450001,32.450001,1640400
2012-03-05,32.290001000000004,32.41,31.809998999999998,31.969998999999998,31.969998999999998,648900
2012-03-06,31.5,31.799999,30.799999,31.42,31.42,1034800
2012-03-07,31.5,31.66,30.91,31.07,31.07,1478100
2012-03-08,31.200001,31.790001,31.139999,31.26,31.26,1151700
2012-03-09,31.299999,31.35,30.559998999999998,30.700001,30.700001,705500
2012-03-12,30.73,31.059998999999998,30.5,30.700001,30.700001,1490800
2012-03-13,30.92,30.99,30.25,30.48,30.48,2280100
2012-03-14,30.4,31.0,30.23,30.99,30.99,1230200
2012-03-15,31.139999,32.540001000000004,30.93,32.470001,32.470001,2319000
2012-03-16,32.509997999999996,34.919998,31.99,34.0,34.0,4298000
2012-03-19,33.799999,34.150002,33.799999,34.0,34.0,855800
2012-03-20,33.459998999999996,34.290001000000004,33.459998999999996,34.09,34.09,1064500
2012-03-21,34.169998,34.400002,33.349998,33.77,33.77,1316200
2012-03-22,33.509997999999996,33.759997999999996,33.02,33.25,33.25,1047200
2012-03-23,33.009997999999996,33.360001000000004,32.810001,33.27,33.27,531200
2012-03-26,33.310001,34.5,32.860001000000004,34.299999,34.299999,2182000
2012-03-27,34.299999,36.049999,33.900002,35.290001000000004,35.290001000000004,2897800
2012-03-28,35.150002,35.73,34.080002,34.57,34.57,1842600
2012-03-29,34.25,35.18,33.919998,35.16,35.16,1575000
2012-03-30,35.279999,36.860001000000004,35.27,35.669998,35.669998,3047000
2012-04-02,35.619999,37.779999,35.040001000000004,37.369999,37.369999,3569600
2012-04-03,37.419998,37.59,36.540001000000004,36.59,36.59,1833000
2012-04-04,36.41,36.799999,35.799999,36.25,36.25,1635000
2012-04-05,36.040001000000004,36.93,35.849998,36.23,36.23,2259000
2012-04-09,35.560001,35.830002,35.16,35.5,35.5,1097200
2012-04-10,35.450001,35.560001,34.470001,34.580002,34.580002,1154100
2012-04-11,35.009997999999996,35.41,34.740002000000004,34.790001000000004,34.790001000000004,1014600
2012-04-12,34.84,35.470001,34.75,35.099998,35.099998,1290800
2012-04-13,35.060001,35.360001000000004,34.389998999999996,34.5,34.5,559500
2012-04-16,34.630001,34.84,33.740002000000004,33.830002,33.830002,918800
2012-04-17,34.16,35.18,33.98,35.0,35.0,1941400
2012-04-18,34.779999,35.599998,34.75,35.439999,35.439999,937400
2012-04-19,35.330002,36.43,35.16,35.220001,35.220001,1065200
2012-04-20,35.349998,35.66,34.939999,35.02,35.02,1228300
2012-04-23,34.720001,34.75,33.75,33.939999,33.939999,3340600
2012-04-24,33.790001000000004,34.200001,33.23,33.380001,33.380001,927200
2012-04-25,33.73,34.099998,33.529999,33.689999,33.689999,1181900
2012-04-26,33.740002000000004,34.509997999999996,33.27,34.380001,34.380001,1977600
2012-04-27,36.240002000000004,37.849998,35.880001,36.869999,36.869999,5913200
2012-04-30,36.459998999999996,37.540001000000004,36.400002,37.509997999999996,37.509997999999996,2465500
2012-05-01,36.380001,37.889998999999996,36.07,36.529999,36.529999,4908600
2012-05-02,43.25,44.459998999999996,42.080002,42.630001,42.630001,7645700
2012-05-03,42.630001,43.5,40.240002000000004,40.900002,40.900002,3519600
2012-05-04,39.990002000000004,40.689999,39.75,40.200001,40.200001,4765300
2012-05-07,39.799999,40.98,39.799999,40.970001,40.970001,3029100
2012-05-08,40.689999,41.299999,39.400002,41.200001,41.200001,2288500
2012-05-09,40.540001000000004,41.080002,40.099998,40.68,40.68,1071200
2012-05-10,41.189999,41.700001,40.450001,40.790001000000004,40.790001000000004,1546800
2012-05-11,40.57,42.049999,40.5,41.73,41.73,1494900
2012-05-14,41.400002,42.57,41.009997999999996,41.639998999999996,41.639998999999996,1306600
2012-05-15,41.810001,43.09,41.470001,42.650002,42.650002,2558300
2012-05-16,42.93,43.84,42.720001,43.639998999999996,43.639998999999996,3112900
2012-05-17,43.689999,43.73,40.73,41.029999,41.029999,2521900
2012-05-18,41.57,41.59,39.810001,40.66,40.66,3278800
2012-05-21,40.869999,42.630001,40.330002,42.169998,42.169998,2208700
2012-05-22,42.330002,44.220001,41.990002000000004,42.630001,42.630001,2271500
2012-05-23,42.209998999999996,45.82,41.91,45.150002,45.150002,3128000
2012-05-24,45.040001000000004,45.32,44.25,44.400002,44.400002,1650000
2012-05-25,44.529999,45.23,44.52,45.0,45.0,2139200
2012-05-29,45.799999,45.799999,44.389998999999996,45.259997999999996,45.259997999999996,1567700
2012-05-30,44.880001,44.880001,42.709998999999996,43.16,43.16,2061700
2012-05-31,43.48,43.849998,42.139998999999996,42.880001,42.880001,2499100
2012-06-01,41.610001000000004,41.799999,39.919998,41.02,41.02,2355900
2012-06-04,41.16,41.619999,40.119999,41.490002000000004,41.490002000000004,1525100
2012-06-05,41.209998999999996,42.209998999999996,40.439999,41.09,41.09,1301600
2012-06-06,40.860001000000004,43.810001,40.860001000000004,42.990002000000004,42.990002000000004,2165700
2012-06-07,44.0,44.0,41.59,41.669998,41.669998,1862200
2012-06-08,42.009997999999996,43.150002,41.560001,43.02,43.02,1976700
2012-06-11,44.459998999999996,44.860001000000004,42.529999,42.939999,42.939999,2273900
2012-06-12,43.040001000000004,45.07,42.799999,45.02,45.02,2116600
2012-06-13,44.490002000000004,45.310001,43.310001,43.43,43.43,1474300
2012-06-14,43.630001,44.57,42.700001,44.049999,44.049999,957000
2012-06-15,44.18,44.450001,43.5,44.380001,44.380001,1995900
2012-06-18,44.139998999999996,45.41,43.77,44.91,44.91,1449000
2012-06-19,45.0,45.119999,43.630001,44.240002000000004,44.240002000000004,1842000
2012-06-20,44.099998,44.099998,42.740002000000004,43.290001000000004,43.290001000000004,1370100
2012-06-21,43.529999,43.849998,42.349998,43.009997999999996,43.009997999999996,977800
2012-06-22,43.459998999999996,46.09,43.369999,45.529999,45.529999,3595400
2012-06-25,44.759997999999996,45.389998999999996,43.98,44.07,44.07,1158500
2012-06-26,44.049999,44.880001,43.950001,44.009997999999996,44.009997999999996,890600
2012-06-27,44.360001000000004,45.349998,43.880001,44.419998,44.419998,996800
2012-06-28,43.970001,44.259997999999996,42.18,43.580002,43.580002,1209500
2012-06-29,44.740002000000004,46.299999,44.130001,44.689999,44.689999,1908900
2012-07-02,44.73,47.0,44.720001,46.0,46.0,1814900
2012-07-03,46.02,46.169998,44.700001,46.049999,46.049999,562800
2012-07-05,46.09,47.439999,45.709998999999996,46.27,46.27,1517900
2012-07-06,45.84,46.540001000000004,45.360001000000004,46.360001000000004,46.360001000000004,887100
2012-07-09,46.27,46.689999,44.950001,45.439999,45.439999,926100
2012-07-10,45.700001,45.810001,43.759997999999996,44.759997999999996,44.759997999999996,1248500
2012-07-11,44.959998999999996,45.470001,43.98,44.279999,44.279999,923100
2012-07-12,43.790001000000004,44.540001000000004,43.259997999999996,43.880001,43.880001,1544400
2012-07-13,44.009997999999996,46.950001,43.490002000000004,45.849998,45.849998,2290500
2012-07-16,45.91,46.240002000000004,44.439999,46.150002,46.150002,1010600
2012-07-17,47.0,47.029999,45.369999,45.52,45.52,1760700
2012-07-18,45.279999,46.07,45.279999,45.419998,45.419998,815300
2012-07-19,45.419998,47.810001,44.75,45.099998,45.099998,2613600
2012-07-20,45.330002,46.400002,44.810001,44.900002,44.900002,2210600
2012-07-23,44.150002,46.009997999999996,43.060001,45.610001000000004,45.610001000000004,2383600
2012-07-24,46.25,46.380001,43.139998999999996,43.470001,43.470001,6151600
2012-07-25,36.130001,37.450001,35.009997999999996,36.18,36.18,9251500
2012-07-26,36.77,37.009997999999996,34.029999,35.040001000000004,35.040001000000004,6637500
2012-07-27,35.57,36.630001,35.119999,35.41,35.41,3029600
2012-07-30,35.52,36.18,35.25,36.009997999999996,36.009997999999996,2592100
2012-07-31,36.169998,37.599998,35.990002000000004,37.41,37.41,3158500
2012-08-01,37.470001,37.82,36.310001,36.57,36.57,2856800
2012-08-02,36.200001,37.5,35.580002,36.209998999999996,36.209998999999996,1661900
2012-08-03,36.57,37.029999,35.91,36.68,36.68,2291800
2012-08-06,36.669998,38.389998999999996,36.5,38.009997999999996,38.009997999999996,1985700
2012-08-07,38.450001,39.0,38.240002000000004,38.66,38.66,2066600
2012-08-08,37.080002,37.689999,36.099998,36.77,36.77,4031900
2012-08-09,36.919998,37.119999,36.099998,36.18,36.18,1646400
2012-08-10,36.259997999999996,36.540001000000004,35.049999,35.099998,35.099998,3806700
2012-08-13,35.27,35.290001000000004,32.799999,33.52,33.52,9384300
2012-08-14,33.759997999999996,33.93,32.279999,33.16,33.16,5752700
2012-08-15,33.200001,34.720001,32.509997999999996,33.959998999999996,33.959998999999996,4098600
2012-08-16,33.889998999999996,34.299999,33.139998999999996,33.849998,33.849998,1992300
2012-08-17,33.66,33.740002000000004,32.369999,33.450001,33.450001,3050900
2012-08-20,33.27,33.950001,32.759997999999996,33.84,33.84,1842900
2012-08-21,33.959998999999996,34.75,33.709998999999996,34.049999,34.049999,2442900
2012-08-22,33.84,34.27,33.509997999999996,33.939999,33.939999,1716500
2012-08-23,33.73,34.119999,33.48,33.540001000000004,33.540001000000004,2111800
2012-08-24,34.5,34.700001,33.290001000000004,34.049999,34.049999,5589400
2012-08-27,34.290001000000004,34.34,33.889998999999996,33.970001,33.970001,737100
2012-08-28,33.880001,34.439999,33.630001,34.259997999999996,34.259997999999996,2563100
2012-08-29,34.130001,34.380001,33.34,34.209998999999996,34.209998999999996,1701900
2012-08-30,34.130001,34.330002,33.630001,33.709998999999996,33.709998999999996,976400
2012-08-31,33.98,34.259997999999996,33.279999,33.439999,33.439999,1273500
2012-09-04,33.5,34.66,33.189999,34.650002,34.650002,2225000
2012-09-05,34.610001000000004,35.919998,34.599998,35.400002,35.400002,2694000
2012-09-06,35.389998999999996,36.25,35.330002,35.450001,35.450001,2343700
2012-09-07,35.459998999999996,35.779999,35.23,35.610001000000004,35.610001000000004,1156100
2012-09-10,35.529999,35.959998999999996,35.25,35.290001000000004,35.290001000000004,913100
2012-09-11,35.16,35.82,34.990002000000004,35.380001,35.380001,1408700
2012-09-12,35.580002,35.950001,35.110001000000004,35.25,35.25,1176700
2012-09-13,35.349998,36.700001,35.049999,36.34,36.34,1885000
2012-09-14,36.470001,36.970001,36.02,36.060001,36.060001,2209100
2012-09-17,36.07,36.290001000000004,35.639998999999996,35.810001,35.810001,1526000
2012-09-18,35.810001,36.189999,34.700001,34.73,34.73,2077900
2012-09-19,34.959998999999996,35.189999,34.0,34.900002,34.900002,1784000
2012-09-20,34.84,34.849998,33.82,34.48,34.48,1981700
2012-09-21,34.310001,35.07,34.150002,34.529999,34.529999,4039400
2012-09-24,34.529999,34.529999,33.470001,33.700001,33.700001,2424400
2012-09-25,33.75,34.439999,33.700001,33.740002000000004,33.740002000000004,2135900
2012-09-26,33.849998,34.09,33.049999,33.240002000000004,33.240002000000004,1886400
2012-09-27,32.389998999999996,34.07,31.709999,33.419998,33.419998,3641000
2012-09-28,33.380001,33.400002,32.57,32.93,32.93,2988400
2012-10-01,33.23,33.27,31.700001,31.940001000000002,31.940001000000002,3920200
2012-10-02,32.0,32.66,31.799999,32.389998999999996,32.389998999999996,1951800
2012-10-03,32.41,32.77,31.99,32.119999,32.119999,2502900
2012-10-04,32.639998999999996,33.450001,32.150002,33.400002,33.400002,1924400
2012-10-05,33.509997999999996,34.18,33.330002,33.490002000000004,33.490002000000004,2723000
2012-10-08,33.279999,34.16,33.150002,33.57,33.57,1463000
2012-10-09,33.360001000000004,33.439999,32.450001,32.52,32.52,2518400
2012-10-10,32.77,32.799999,32.130001,32.220001,32.220001,1935300
2012-10-11,32.68,32.68,30.969998999999998,31.15,31.15,3091000
2012-10-12,30.719998999999998,31.41,30.440001000000002,31.219998999999998,31.219998999999998,3370900
2012-10-15,31.280001000000002,31.58,31.23,31.49,31.49,1787000
2012-10-16,31.690001000000002,31.9,31.139999,31.18,31.18,1981800
2012-10-17,31.129998999999998,31.129998999999998,30.549999,31.09,31.09,3058100
2012-10-18,31.24,31.290001,30.26,30.57,30.57,2785700
2012-10-19,30.4,30.48,29.059998999999998,29.93,29.93,3519600
2012-10-22,29.85,30.719998999999998,29.809998999999998,30.700001,30.700001,1389400
2012-10-23,30.139999,31.84,30.129998999999998,31.5,31.5,2252900
2012-10-24,31.59,31.809998999999998,31.08,31.4,31.4,2110400
2012-10-25,31.610001,31.65,30.450001,30.780001000000002,30.780001000000002,2024700
2012-10-26,32.150002,32.330002,29.360001,30.27,30.27,7092100
2012-10-31,30.73,30.99,29.700001,30.290001,30.290001,5069300
2012-11-01,30.48,30.49,28.629998999999998,29.41,29.41,7728700
2012-11-02,35.009997999999996,35.950001,34.639998999999996,35.119999,35.119999,12211100
2012-11-05,34.700001,34.990002000000004,34.139998999999996,34.450001,34.450001,2430600
2012-11-06,34.43,34.5,33.700001,33.830002,33.830002,2094800
2012-11-07,34.009997999999996,34.419998,32.950001,34.0,34.0,3693500
2012-11-08,33.889998999999996,34.470001,33.709998999999996,34.169998,34.169998,2536900
2012-11-09,33.720001,35.040001000000004,32.5,34.310001,34.310001,4891400
2012-11-12,35.48,35.889998999999996,34.880001,34.98,34.98,2787300
2012-11-13,34.700001,35.669998,34.310001,35.540001000000004,35.540001000000004,1738900
2012-11-14,35.09,36.349998,35.09,35.639998999999996,35.639998999999996,2583300
2012-11-15,35.689999,36.990002000000004,35.5,36.599998,36.599998,4309200
2012-11-16,36.540001000000004,38.700001,36.509997999999996,38.029999,38.029999,4298900
2012-11-19,38.400002,39.32,38.080002,38.16,38.16,2747700
2012-11-20,38.09,38.389998999999996,37.049999,37.279999,37.279999,2253600
2012-11-21,37.48,37.68,36.889998999999996,37.400002,37.400002,1836700
2012-11-23,37.639998999999996,38.0,36.959998999999996,38.0,38.0,581900
2012-11-26,38.0,38.09,37.459998999999996,37.91,37.91,767700
2012-11-27,38.029999,38.040001000000004,37.389998999999996,37.77,37.77,702500
2012-11-28,37.630001,37.970001,37.16,37.900002,37.900002,990700
2012-11-29,37.959998999999996,38.209998999999996,37.549999,37.869999,37.869999,1845200
2012-11-30,37.889998999999996,39.07,37.619999,38.189999,38.189999,2961200
2012-12-03,38.240002000000004,38.380001,37.5,37.700001,37.700001,3229000
2012-12-04,37.66,37.759997999999996,35.959998999999996,37.529999,37.529999,3610800
2012-12-05,37.349998,38.959998999999996,37.349998,38.369999,38.369999,2426400
2012-12-06,38.5,39.34,38.23,39.290001000000004,39.290001000000004,1858800
2012-12-07,39.099998,39.689999,38.349998,38.59,38.59,1496700
2012-12-10,39.580002,39.889998999999996,37.91,38.389998999999996,38.389998999999996,1933400
2012-12-11,47.0,47.0,40.639998999999996,40.91,40.91,12177200
2012-12-12,41.049999,42.889998999999996,40.610001000000004,42.650002,42.650002,6426300
2012-12-13,42.91,43.150002,42.02,42.709998999999996,42.709998999999996,3991100
2012-12-14,42.759997999999996,42.77,41.400002,41.669998,41.669998,2446900
2012-12-17,41.860001000000004,43.650002,41.310001,43.450001,43.450001,4647900
2012-12-18,43.009997999999996,44.290001000000004,42.919998,42.98,42.98,5502200
2012-12-19,43.099998,44.290001000000004,42.849998,43.41,43.41,1986500
2012-12-20,43.490002000000004,43.740002000000004,42.889998999999996,42.970001,42.970001,2640100
2012-12-21,42.790001000000004,42.790001000000004,41.48,41.970001,41.970001,2444900
2012-12-24,43.25,44.099998,42.130001,42.25,42.25,1264100
2012-12-26,42.299999,42.450001,41.549999,41.799999,41.799999,793200
2012-12-27,41.849998,42.040001000000004,41.290001000000004,41.93,41.93,785000
2012-12-28,41.73,41.98,41.290001000000004,41.34,41.34,653400
2012-12-31,41.34,42.27,40.880001,41.919998,41.919998,2324700
2013-01-02,42.939999,44.169998,42.799999,44.16,44.16,2106600
2013-01-03,44.09,44.5,43.450001,43.91,43.91,1770400
2013-01-04,44.009997999999996,44.16,43.400002,44.119999,44.119999,1052300
2013-01-07,44.029999,45.330002,43.75,45.119999,45.119999,1823800
2013-01-08,44.849998,45.450001,44.27,44.720001,44.720001,2192300
2013-01-09,44.77,45.200001,44.290001000000004,44.330002,44.330002,1261400
2013-01-10,44.380001,44.599998,42.77,43.490002000000004,43.490002000000004,2677000
2013-01-11,43.650002,44.0,43.5,43.98,43.98,990200
2013-01-14,43.889998999999996,44.330002,43.459998999999996,44.150002,44.150002,957100
2013-01-15,44.139998999999996,44.299999,43.360001000000004,44.150002,44.150002,959400
2013-01-16,44.049999,44.200001,43.490002000000004,43.970001,43.970001,1241700
2013-01-17,43.98,44.57,43.529999,44.09,44.09,1399900
2013-01-18,44.16,44.169998,43.169998,43.68,43.68,1901400
2013-01-22,43.59,44.380001,43.310001,44.32,44.32,1148900
2013-01-23,44.41,44.950001,44.200001,44.84,44.84,1236500
2013-01-24,44.779999,45.720001,44.59,44.82,44.82,1029100
2013-01-25,44.939999,46.049999,44.759997999999996,45.959998999999996,45.959998999999996,1657100
2013-01-28,46.34,47.77,46.02,46.5,46.5,2428300
2013-01-29,46.419998,46.549999,45.650002,45.900002,45.900002,1610000
2013-01-30,46.099998,46.290001000000004,45.16,45.52,45.52,1364200
2013-01-31,45.43,46.34,45.07,46.279999,46.279999,1284700
2013-02-01,46.290001000000004,46.57,45.630001,46.299999,46.299999,1772500
2013-02-04,46.09,46.779999,45.560001,45.639998999999996,45.639998999999996,1279400
2013-02-05,45.860001000000004,46.91,45.700001,46.84,46.84,1237400
2013-02-06,47.049999,49.349998,46.82,47.0,47.0,4129900
2013-02-07,47.02,47.029999,45.66,46.849998,46.849998,1991500
2013-02-08,46.82,47.419998,46.48,47.02,47.02,913400
2013-02-11,47.130001,47.200001,46.0,46.23,46.23,1232200
2013-02-12,46.220001,46.869999,45.84,46.66,46.66,1813200
2013-02-13,46.790001000000004,47.779999,46.639998999999996,46.900002,46.900002,2629000
2013-02-14,42.580002,44.860001000000004,42.040001000000004,43.549999,43.549999,7033500
2013-02-15,43.599998,45.419998,43.5,44.419998,44.419998,2817100
2013-02-19,44.490002000000004,44.490002000000004,43.310001,43.52,43.52,1607100
2013-02-20,43.529999,43.549999,42.68,42.759997999999996,42.759997999999996,1231100
2013-02-21,42.200001,43.470001,42.200001,42.939999,42.939999,1498600
2013-02-22,43.110001000000004,44.09,42.900002,43.849998,43.849998,1986000
2013-02-25,44.130001,44.77,43.5,43.639998999999996,43.639998999999996,1846900
2013-02-26,43.68,44.209998999999996,43.439999,43.73,43.73,1138100
2013-02-27,44.150002,45.560001,44.099998,45.27,45.27,2194800
2013-02-28,45.240002000000004,45.740002000000004,44.580002,45.540001000000004,45.540001000000004,1993300
2013-03-01,45.419998,45.939999,44.59,45.619999,45.619999,2159200
2013-03-04,45.419998,45.66,44.75,45.509997999999996,45.509997999999996,1841700
2013-03-05,45.790001000000004,47.84,45.650002,47.68,47.68,2586800
2013-03-06,48.0,50.880001,47.900002,48.630001,48.630001,4827100
2013-03-07,48.59,51.150002,48.099998,50.59,50.59,3630400
2013-03-08,50.77,51.34,50.560001,51.029999,51.029999,1531800
2013-03-11,51.09,51.630001,50.259997999999996,51.400002,51.400002,1223200
2013-03-12,51.34,51.610001000000004,50.610001000000004,51.150002,51.150002,1781400
2013-03-13,51.139998999999996,52.610001000000004,50.77,52.389998999999996,52.389998999999996,2037600
2013-03-14,52.5,53.41,52.130001,52.59,52.59,1482400
2013-03-15,52.470001,53.73,52.23,52.400002,52.400002,2655900
2013-03-18,52.119999,53.41,51.700001,52.43,52.43,1098100
2013-03-19,52.509997999999996,53.349998,51.57,52.299999,52.299999,1256300
2013-03-20,52.470001,53.450001,52.470001,53.240002000000004,53.240002000000004,1319000
2013-03-21,52.560001,53.0,51.639998999999996,51.75,51.75,2136400
2013-03-22,52.060001,52.580002,51.959998999999996,52.5,52.5,1077200
2013-03-25,52.93,53.5,52.130001,52.240002000000004,52.240002000000004,901400
2013-03-26,53.220001,53.220001,51.93,52.439999,52.439999,1256100
2013-03-27,52.029999,52.73,51.360001000000004,52.200001,52.200001,896700
2013-03-28,52.240002000000004,52.900002,52.139998999999996,52.52,52.52,1034300
2013-04-01,52.529999,54.139998999999996,51.48,51.700001,51.700001,1695700
2013-04-02,51.75,51.75,50.130001,50.509997999999996,50.509997999999996,2715200
2013-04-03,50.619999,50.619999,48.75,49.110001000000004,49.110001000000004,2461100
2013-04-04,48.869999,49.799999,48.650002,49.52,49.52,1364800
2013-04-05,49.029999,49.509997999999996,48.290001000000004,48.880001,48.880001,1439900
2013-04-08,48.860001000000004,49.48,48.27,48.68,48.68,1272600
2013-04-09,48.700001,49.040001000000004,48.18,48.290001000000004,48.290001000000004,1314600
2013-04-10,48.66,50.18,48.41,50.07,50.07,2281300
2013-04-11,50.18,52.349998,50.110001000000004,51.889998999999996,51.889998999999996,1987700
2013-04-12,51.849998,52.689999,51.599998,52.490002000000004,52.490002000000004,1101900
2013-04-15,52.82,53.5,51.099998,51.560001,51.560001,3201700
2013-04-16,51.900002,52.970001,51.849998,52.939999,52.939999,1565600
2013-04-17,52.139998999999996,52.540001000000004,51.080002,52.169998,52.169998,1698500
2013-04-18,52.189999,52.450001,50.950001,51.349998,51.349998,1214400
2013-04-19,51.23,51.82,50.619999,51.09,51.09,779400
2013-04-22,51.290001000000004,51.549999,50.34,51.09,51.09,742900
2013-04-23,51.41,52.549999,51.369999,52.299999,52.299999,789600
2013-04-24,52.110001000000004,52.610001000000004,51.0,51.34,51.34,1115500
2013-04-25,51.330002,53.389998999999996,51.299999,53.009997999999996,53.009997999999996,2121800
2013-04-26,53.75,54.799999,52.830002,53.720001,53.720001,3038000
2013-04-29,53.689999,54.0,52.25,53.07,53.07,1898200
2013-04-30,53.07,53.5,52.380001,52.580002,52.580002,1842600
2013-05-01,52.529999,53.0,51.880001,52.110001000000004,52.110001000000004,1115600
2013-05-02,51.900002,53.540001000000004,51.900002,53.509997999999996,53.509997999999996,1271900
2013-05-03,54.209998999999996,55.639998999999996,54.0,55.299999,55.299999,2378100
2013-05-06,55.259997999999996,55.549999,54.830002,55.169998,55.169998,1972600
2013-05-07,55.939999,56.799999,54.07,55.009997999999996,55.009997999999996,2896000
2013-05-08,53.34,54.57,51.720001,52.490002000000004,52.490002000000004,4386200
2013-05-09,52.580002,53.099998,51.759997999999996,51.990002000000004,51.990002000000004,2300900
2013-05-10,52.189999,54.299999,52.150002,53.84,53.84,2088300
2013-05-13,53.68,55.310001,53.290001000000004,54.790001000000004,54.790001000000004,1785500
2013-05-14,55.040001000000004,58.380001,54.810001,58.009997999999996,58.009997999999996,3802200
2013-05-15,58.0,60.259997999999996,57.91,59.360001000000004,59.360001000000004,2893500
2013-05-16,59.529999,60.389998999999996,58.650002,59.029999,59.029999,2265700
2013-05-17,59.639998999999996,60.48,59.25,59.880001,59.880001,2675400
2013-05-20,60.07,63.009997999999996,59.900002,62.630001,62.630001,3039500
2013-05-21,62.700001,63.220001,61.889998999999996,62.34,62.34,1773600
2013-05-22,62.259997999999996,63.57,61.0,61.509997999999996,61.509997999999996,2051300
2013-05-23,61.060001,62.549999,59.07,62.060001,62.060001,1479600
2013-05-24,61.73,62.02,60.799999,61.689999,61.689999,1454600
2013-05-28,62.57,64.370003,62.009997999999996,64.300003,64.300003,2532800
2013-05-29,63.970001,64.900002,63.119999,63.560001,63.560001,1783600
2013-05-30,63.77,64.099998,63.139998999999996,63.990002000000004,63.990002000000004,1248400
2013-05-31,63.919998,65.410004,63.759997999999996,64.489998,64.489998,6723400
2013-06-03,63.150002,63.73,60.93,62.060001,62.060001,4068800
2013-06-04,62.43,63.91,61.810001,62.189999,62.189999,2868300
2013-06-05,62.18,62.689999,61.25,61.52,61.52,1026700
2013-06-06,61.709998999999996,62.029999,60.73,62.029999,62.029999,1486300
2013-06-07,62.619999,64.16999799999999,62.400002,64.050003,64.050003,1090300
2013-06-10,64.16999799999999,64.489998,63.57,64.309998,64.309998,932000
2013-06-11,63.950001,65.099998,63.419998,63.860001000000004,63.860001000000004,907900
2013-06-12,64.480003,64.82,63.18,63.18,63.18,1419100
2013-06-13,63.59,64.540001,63.200001,64.510002,64.510002,1208100
2013-06-14,64.379997,64.839996,63.669998,63.75,63.75,1244100
2013-06-17,64.18,65.040001,63.599998,64.360001,64.360001,2113900
2013-06-18,64.190002,65.199997,63.720001,63.849998,63.849998,1659700
2013-06-19,63.41,64.849998,63.369999,63.77,63.77,973200
2013-06-20,62.700001,63.689999,61.32,61.52,61.52,1496600
2013-06-21,61.860001000000004,62.290001000000004,60.099998,60.279999,60.279999,2821800
2013-06-24,59.48,61.23,58.740002000000004,60.68,60.68,1454700
2013-06-25,61.119999,61.830002,60.790001000000004,61.529999,61.529999,926900
2013-06-26,62.349998,63.02,60.759997999999996,61.91,61.91,2344800
2013-06-27,62.169998,62.720001,60.549999,60.84,60.84,2360100
2013-06-28,60.759997999999996,61.560001,60.470001,60.869999,60.869999,4314600
2013-07-01,61.450001,61.779999,60.110001000000004,61.07,61.07,2544100
2013-07-02,60.91,61.130001,60.0,60.23,60.23,1817200
2013-07-03,59.610001000000004,60.849998,59.540001000000004,60.790001000000004,60.790001000000004,1203400
2013-07-05,60.849998,61.740002000000004,60.369999,61.700001,61.700001,1602300
2013-07-08,62.0,63.470001,61.880001,63.16,63.16,2060600
2013-07-09,63.540001000000004,63.75,62.240002000000004,62.740002000000004,62.740002000000004,1302200
2013-07-10,62.740002000000004,63.009997999999996,60.52,61.93,61.93,1746900
2013-07-11,62.34,62.560001,59.740002000000004,60.439999,60.439999,2705300
2013-07-12,60.330002,61.490002000000004,60.110001000000004,61.049999,61.049999,1265400
2013-07-15,61.349998,61.349998,60.09,60.450001,60.450001,807800
2013-07-16,60.669998,60.950001,59.849998,60.619999,60.619999,1416200
2013-07-17,60.939999,61.34,60.200001,61.09,61.09,1037200
2013-07-18,61.610001000000004,62.970001,61.5,62.27,62.27,1269600
2013-07-19,62.369999,62.389998999999996,60.25,60.619999,60.619999,1249000
2013-07-22,61.110001000000004,61.27,60.27,60.650002,60.650002,1283900
2013-07-23,60.98,61.290001000000004,60.029999,60.66,60.66,1400000
2013-07-24,60.599998,62.150002,60.41,61.139998999999996,61.139998999999996,2704000
2013-07-25,69.879997,72.260002,68.709999,71.099998,71.099998,5496900
2013-07-26,70.459999,74.860001,70.459999,73.949997,73.949997,2980500
2013-07-29,73.489998,74.739998,72.010002,73.290001,73.290001,1308600
2013-07-30,73.940002,74.660004,73.269997,73.269997,73.269997,1014200
2013-07-31,73.709999,76.199997,73.589996,75.019997,75.019997,1814400
2013-08-01,75.779999,76.93,75.139999,75.889999,75.889999,1193400
2013-08-02,75.900002,76.269997,74.91999799999999,75.790001,75.790001,1053300
2013-08-05,75.959999,78.040001,75.83000200000001,78.010002,78.010002,1008500
2013-08-06,78.199997,80.690002,77.43,79.279999,79.279999,2520200
2013-08-07,78.889999,78.989998,76.33000200000001,77.989998,77.989998,1352900
2013-08-08,78.550003,80.540001,78.480003,79.709999,79.709999,1081300
2013-08-09,80.900002,81.489998,80.010002,80.940002,80.940002,1429000
2013-08-12,80.760002,82.190002,80.029999,81.260002,81.260002,1113800
2013-08-13,81.5,81.699997,79.68,80.959999,80.959999,933200
2013-08-14,80.610001,81.989998,72.879997,73.550003,73.550003,6889900
2013-08-15,71.529999,72.160004,69.559998,70.519997,70.519997,4459600
2013-08-16,70.290001,72.480003,69.190002,70.989998,70.989998,2405000
2013-08-19,71.150002,72.290001,69.220001,69.260002,69.260002,1408300
2013-08-20,69.360001,70.199997,68.839996,69.809998,69.809998,1230000
2013-08-21,69.489998,71.25,69.41999799999999,70.199997,70.199997,1022100
2013-08-22,70.389999,71.43,70.0,71.209999,71.209999,869700
2013-08-23,71.650002,72.620003,70.910004,71.870003,71.870003,1225200
2013-08-26,71.720001,72.639999,71.5,72.25,72.25,1137200
2013-08-27,71.209999,71.779999,70.599998,71.08000200000001,71.08000200000001,1403400
2013-08-28,71.510002,73.160004,71.160004,72.519997,72.519997,1119500
2013-08-29,72.32,74.610001,71.279999,74.18,74.18,1009100
2013-08-30,74.639999,74.66999799999999,72.599998,73.970001,73.970001,1054000
2013-09-03,74.900002,75.309998,72.760002,73.82,73.82,1132500
2013-09-04,74.019997,74.959999,73.32,74.739998,74.739998,602600
2013-09-05,74.610001,75.730003,74.16999799999999,74.66999799999999,74.66999799999999,1000800
2013-09-06,74.959999,75.470001,73.050003,74.110001,74.110001,1012000
2013-09-09,74.529999,75.199997,74.290001,74.5,74.5,1198700
2013-09-10,74.25,74.639999,72.25,72.620003,72.620003,2319300
2013-09-11,72.529999,74.400002,72.41999799999999,73.790001,73.790001,1645600
2013-09-12,73.93,75.900002,73.849998,74.489998,74.489998,1258000
2013-09-13,74.370003,74.370003,72.41999799999999,72.82,72.82,1291000
2013-09-16,73.83000200000001,74.160004,72.559998,72.599998,72.599998,745800
2013-09-17,73.400002,73.459999,72.110001,72.93,72.93,853600
2013-09-18,73.139999,74.610001,72.5,73.91999799999999,73.91999799999999,1645500
2013-09-19,74.32,75.0,73.139999,74.269997,74.269997,1196300
2013-09-20,74.269997,79.08000200000001,74.25,75.120003,75.120003,4442400
2013-09-23,77.0,78.16999799999999,73.540001,74.300003,74.300003,2376600
2013-09-24,74.150002,75.739998,73.120003,75.300003,75.300003,1212700
2013-09-25,75.290001,75.91999799999999,74.059998,74.779999,74.779999,1245500
2013-09-26,74.989998,75.889999,74.58000200000001,75.300003,75.300003,883800
2013-09-27,75.0,76.089996,74.099998,75.849998,75.849998,1048800
2013-09-30,74.720001,76.610001,74.160004,75.839996,75.839996,1339300
2013-10-01,75.739998,78.599998,75.300003,78.5,78.5,1755500
2013-10-02,78.150002,79.790001,77.610001,79.660004,79.660004,1779300
2013-10-03,79.510002,79.889999,77.309998,78.660004,78.660004,1705700
2013-10-04,78.349998,79.459999,78.0,78.410004,78.410004,1706600
2013-10-07,77.889999,78.0,75.660004,75.849998,75.849998,1752000
2013-10-08,75.739998,75.83000200000001,70.870003,71.699997,71.699997,2973200
2013-10-09,71.220001,72.07,68.110001,70.66999799999999,70.66999799999999,2673600
2013-10-10,71.879997,72.82,70.150002,72.269997,72.269997,2368100
2013-10-11,72.349998,74.379997,72.120003,74.010002,74.010002,2875400
2013-10-14,73.400002,75.07,72.540001,75.010002,75.010002,3288400
2013-10-15,75.230003,75.43,73.5,73.870003,73.870003,3511200
2013-10-16,74.410004,75.349998,73.75,75.0,75.0,2524700
2013-10-17,74.839996,74.839996,72.08000200000001,72.739998,72.739998,2517700
2013-10-18,73.129997,73.5,71.599998,71.870003,71.870003,2557300
2013-10-21,72.099998,74.150002,72.050003,74.110001,74.110001,2517600
2013-10-22,75.599998,77.300003,73.139999,75.5,75.5,3555900
2013-10-23,75.050003,75.980003,73.150002,75.209999,75.209999,4724600
2013-10-24,72.0,75.150002,69.33000200000001,74.849998,74.849998,10534800
2013-10-25,75.300003,77.57,74.959999,76.980003,76.980003,3246200
2013-10-28,76.889999,78.220001,75.879997,77.790001,77.790001,2266300
2013-10-29,77.849998,82.349998,77.510002,82.260002,82.260002,3277500
2013-10-30,82.480003,83.0,79.629997,80.220001,80.220001,3152600
2013-10-31,81.5,84.639999,81.199997,82.720001,82.720001,3513300
2013-11-01,83.08000200000001,84.099998,82.209999,83.379997,83.379997,1793100
2013-11-04,84.0,88.410004,83.41999799999999,88.220001,88.220001,3270900
2013-11-05,88.059998,89.470001,86.349998,88.07,88.07,2781100
2013-11-06,88.010002,88.68,86.099998,86.610001,86.610001,1919700
2013-11-07,86.529999,87.0,80.690002,83.879997,83.879997,3475700
2013-11-08,84.089996,85.900002,83.16999799999999,84.480003,84.480003,1939800
2013-11-11,84.400002,85.959999,83.769997,85.019997,85.019997,1754400
2013-11-12,84.940002,85.220001,83.650002,84.900002,84.900002,1881000
2013-11-13,84.849998,87.599998,83.58000200000001,87.489998,87.489998,2465100
2013-11-14,87.620003,89.18,87.160004,89.18,89.18,2412000
2013-11-15,89.760002,90.43,87.260002,87.769997,87.769997,2300300
2013-11-18,87.639999,89.209999,86.519997,87.41999799999999,87.41999799999999,1852400
2013-11-19,87.209999,88.980003,86.599998,87.510002,87.510002,1376000
2013-11-20,87.91999799999999,88.550003,86.739998,87.129997,87.129997,915000
2013-11-21,87.269997,88.370003,87.019997,87.269997,87.269997,1261700
2013-11-22,87.5,88.389999,87.010002,87.400002,87.400002,1082600
2013-11-25,87.879997,88.470001,86.07,86.610001,86.610001,1170900
2013-11-26,86.480003,88.199997,85.230003,87.379997,87.379997,1703100
2013-11-27,87.379997,88.940002,87.290001,88.309998,88.309998,740000
2013-11-29,88.690002,89.459999,88.230003,88.32,88.32,431000
2013-12-02,88.25,89.57,86.900002,87.540001,87.540001,1186100
2013-12-03,87.16999799999999,87.620003,85.290001,85.91999799999999,85.91999799999999,1430400
2013-12-04,85.32,86.839996,84.519997,85.129997,85.129997,1933100
2013-12-05,85.110001,87.629997,84.720001,85.540001,85.540001,1473000
2013-12-06,86.760002,87.970001,84.66999799999999,85.610001,85.610001,1631800
2013-12-09,85.75,87.0,84.129997,84.769997,84.769997,2298400
2013-12-10,84.82,85.900002,84.519997,84.980003,84.980003,1746800
2013-12-11,84.860001,85.260002,82.32,82.790001,82.790001,1754600
2013-12-12,82.839996,83.910004,82.129997,82.599998,82.599998,2181200
2013-12-13,82.709999,83.32,81.269997,81.379997,81.379997,1596800
2013-12-16,82.050003,83.199997,81.540001,81.889999,81.889999,1858900
2013-12-17,80.629997,81.629997,79.730003,80.900002,80.900002,2356200
2013-12-18,80.900002,81.599998,78.66999799999999,81.410004,81.410004,3046000
2013-12-19,81.400002,82.879997,81.269997,82.019997,82.019997,1413100
2013-12-20,82.440002,83.699997,81.629997,83.129997,83.129997,6376000
2013-12-23,83.779999,83.800003,82.550003,83.400002,83.400002,936900
2013-12-24,83.58000200000001,83.650002,82.099998,82.82,82.82,583800
2013-12-26,82.949997,84.120003,82.849998,83.470001,83.470001,1369300
2013-12-27,83.82,83.889999,81.449997,81.639999,81.639999,892500
2013-12-30,81.459999,81.980003,80.760002,81.66999799999999,81.66999799999999,801200
2013-12-31,81.839996,82.889999,81.379997,82.83000200000001,82.83000200000001,814100
2014-01-02,82.480003,82.5,79.400002,80.480003,80.480003,1995600
2014-01-03,80.5,81.339996,79.709999,80.91999799999999,80.91999799999999,1284500
2014-01-06,80.82,81.089996,79.349998,80.379997,80.379997,1631100
2014-01-07,80.029999,85.58000200000001,80.029999,84.910004,84.910004,2535600
2014-01-08,84.760002,85.629997,84.279999,85.150002,85.150002,1455400
2014-01-09,85.720001,86.25,84.190002,85.16999799999999,85.16999799999999,1389100
2014-01-10,85.400002,86.800003,85.150002,86.800003,86.800003,2071500
2014-01-13,86.43,86.83000200000001,83.68,84.449997,84.449997,1885100
2014-01-14,82.870003,84.68,82.360001,84.309998,84.309998,1265500
2014-01-15,85.379997,85.379997,83.209999,84.339996,84.339996,1197900
2014-01-16,84.260002,84.870003,83.269997,84.760002,84.760002,1057300
2014-01-17,84.629997,85.900002,83.779999,83.900002,83.900002,1364700
2014-01-21,84.660004,85.160004,81.260002,81.5,81.5,1834600
2014-01-22,81.720001,82.870003,81.709999,82.470001,82.470001,1898400
2014-01-23,82.07,82.150002,80.739998,81.339996,81.339996,1629500
2014-01-24,80.440002,81.41999799999999,80.25,80.360001,80.360001,2297400
2014-01-27,80.339996,80.790001,77.050003,77.910004,77.910004,2300700
2014-01-28,77.43,78.730003,76.779999,77.769997,77.769997,1719700
2014-01-29,77.07,78.099998,76.220001,76.66999799999999,76.66999799999999,1633600
2014-01-30,77.68,78.66999799999999,76.900002,77.790001,77.790001,1198400
2014-01-31,76.16999799999999,78.129997,75.559998,77.190002,77.190002,1841100
2014-02-03,76.940002,77.470001,72.57,73.910004,73.910004,2128800
2014-02-04,74.110001,76.599998,73.699997,76.370003,76.370003,2364900
2014-02-05,76.269997,76.529999,74.690002,76.160004,76.160004,2018600
2014-02-06,76.220001,77.339996,75.08000200000001,77.139999,77.139999,2151500
2014-02-07,79.910004,85.41999799999999,79.849998,84.449997,84.449997,5212500
2014-02-10,84.050003,84.760002,82.370003,84.050003,84.050003,2585300
2014-02-11,85.190002,85.190002,83.059998,84.199997,84.199997,4589200
2014-02-12,87.949997,93.129997,87.599998,90.269997,90.269997,9546600
2014-02-13,89.279999,92.470001,88.720001,92.300003,92.300003,2880100
2014-02-14,91.940002,92.290001,90.940002,91.25,91.25,2235900
2014-02-18,91.190002,93.860001,90.559998,93.349998,93.349998,1989200
2014-02-19,92.870003,95.0,92.839996,93.760002,93.760002,1890200
2014-02-20,94.110001,96.910004,94.110001,96.800003,96.800003,2303700
2014-02-21,96.849998,97.970001,96.220001,96.91999799999999,96.91999799999999,1970500
2014-02-24,97.0,98.470001,96.5,98.260002,98.260002,1307600
2014-02-25,98.58000200000001,102.699997,97.82,101.040001,101.040001,2384300
2014-02-26,101.730003,102.650002,99.209999,100.18,100.18,1879500
2014-02-27,100.190002,100.800003,99.550003,99.720001,99.720001,1396200
2014-02-28,100.660004,102.849998,98.58000200000001,100.239998,100.239998,2071300
2014-03-03,98.809998,100.699997,98.190002,100.550003,100.550003,1550400
2014-03-04,102.989998,107.239998,102.550003,106.889999,106.889999,2646300
2014-03-05,106.739998,107.779999,105.849998,107.300003,107.300003,2297300
2014-03-06,107.809998,108.730003,107.050003,108.379997,108.379997,2442800
2014-03-07,109.379997,109.459999,106.529999,108.059998,108.059998,2361500
2014-03-10,109.160004,109.790001,106.900002,107.540001,107.540001,1478100
2014-03-11,107.959999,107.959999,104.0,104.730003,104.730003,1774900
2014-03-12,104.339996,107.18,102.540001,106.690002,106.690002,2186600
2014-03-13,107.279999,107.769997,102.110001,103.209999,103.209999,1621700
2014-03-14,102.82,105.290001,102.230003,102.949997,102.949997,1618000
2014-03-17,104.809998,106.900002,104.459999,104.529999,104.529999,1599000
2014-03-18,104.529999,106.610001,104.360001,105.199997,105.199997,963400
2014-03-19,105.029999,105.540001,102.889999,103.760002,103.760002,1338500
2014-03-20,103.68,105.25,102.589996,103.360001,103.360001,1331500
2014-03-21,103.610001,104.739998,101.400002,101.510002,101.510002,1865300
2014-03-24,101.849998,102.66999799999999,96.050003,97.58000200000001,97.58000200000001,2403900
2014-03-25,98.379997,99.75,95.309998,96.480003,96.480003,1677500
2014-03-26,97.0,97.040001,92.410004,92.709999,92.709999,2182500
2014-03-27,92.260002,92.339996,88.82,89.949997,89.949997,3591700
2014-03-28,89.639999,92.139999,89.08000200000001,90.050003,90.050003,2143700
2014-03-31,90.559998,92.190002,90.07,90.589996,90.589996,1645800
2014-04-01,91.230003,95.779999,90.75,95.550003,95.550003,2617500
2014-04-02,95.400002,96.33000200000001,94.019997,95.160004,95.160004,1681100
2014-04-03,95.260002,96.18,90.82,91.300003,91.300003,1874100
2014-04-04,92.190002,92.480003,83.760002,85.690002,85.690002,5284100
2014-04-07,85.220001,85.489998,80.589996,83.360001,83.360001,4267100
2014-04-08,83.470001,87.739998,82.790001,86.07,86.07,3630100
2014-04-09,86.18,88.610001,85.129997,88.110001,88.110001,2471800
2014-04-10,87.690002,87.959999,81.779999,81.900002,81.900002,2852500
2014-04-11,80.269997,82.910004,77.68,78.989998,78.989998,3103000
2014-04-14,80.150002,80.760002,78.029999,79.769997,79.769997,2133500
2014-04-15,80.440002,84.08000200000001,80.040001,83.300003,83.300003,3750300
2014-04-16,84.120003,86.940002,83.389999,84.800003,84.800003,2340600
2014-04-17,84.309998,86.639999,83.68,85.68,85.68,2320200
2014-04-21,85.83000200000001,85.910004,84.040001,84.800003,84.800003,1241000
2014-04-22,85.110001,87.300003,85.010002,85.769997,85.769997,1390900
2014-04-23,85.93,86.050003,82.959999,83.279999,83.279999,1322800
2014-04-24,84.370003,84.459999,81.379997,83.480003,83.480003,2129400
2014-04-25,82.599998,83.0,77.120003,77.389999,77.389999,3627600
2014-04-28,78.339996,80.559998,75.129997,77.279999,77.279999,4101300
2014-04-29,78.470001,81.58000200000001,77.190002,80.83000200000001,80.83000200000001,2930900
2014-04-30,80.110001,81.339996,78.910004,80.739998,80.739998,2291600
2014-05-01,81.510002,84.879997,81.5,83.5,83.5,2373200
2014-05-02,83.629997,85.57,82.209999,82.599998,82.599998,2030200
2014-05-05,82.019997,84.870003,81.400002,84.709999,84.709999,2783200
2014-05-06,85.220001,85.93,80.41999799999999,81.370003,81.370003,5609100
2014-05-07,83.949997,86.160004,80.160004,83.989998,83.989998,7148100
2014-05-08,82.260002,85.940002,81.620003,83.220001,83.220001,3343100
2014-05-09,82.709999,84.879997,82.66999799999999,84.58000200000001,84.58000200000001,1872600
2014-05-12,85.400002,90.709999,85.07,89.510002,89.510002,4326700
2014-05-13,89.339996,89.510002,85.93,86.089996,86.089996,2402400
2014-05-14,86.120003,86.959999,84.07,84.190002,84.190002,2054700
2014-05-15,84.08000200000001,84.16999799999999,81.43,83.610001,83.610001,2521600
2014-05-16,83.449997,83.739998,80.269997,82.160004,82.160004,3007200
2014-05-19,82.150002,86.599998,81.900002,86.410004,86.410004,2177800
2014-05-20,86.050003,88.589996,85.139999,85.870003,85.870003,2959500
2014-05-21,86.519997,88.349998,85.400002,88.160004,88.160004,1659200
2014-05-22,88.389999,91.339996,87.16999799999999,91.010002,91.010002,2366300
2014-05-23,91.129997,94.93,90.099998,94.41999799999999,94.41999799999999,2531000
2014-05-27,94.779999,96.75,94.16999799999999,95.41999799999999,95.41999799999999,1978500
2014-05-28,95.040001,96.0,94.199997,95.190002,95.190002,1563900
2014-05-29,95.91999799999999,98.360001,95.550003,98.199997,98.199997,1770100
2014-05-30,98.389999,98.620003,96.379997,97.16999799999999,97.16999799999999,1884100
2014-06-02,99.970001,100.0,97.260002,97.769997,97.769997,1674900
2014-06-03,97.220001,98.309998,95.82,98.0,98.0,1620000
2014-06-04,97.650002,99.589996,96.269997,99.349998,99.349998,1464000
2014-06-05,99.5,103.32,98.769997,103.029999,103.029999,3390100
2014-06-06,103.139999,104.470001,102.099998,104.050003,104.050003,2085900
2014-06-09,104.050003,104.199997,103.07,103.699997,103.699997,1890600
2014-06-10,103.82,104.559998,102.220001,102.68,102.68,1416200
2014-06-11,102.43,104.120003,101.379997,103.519997,103.519997,1376400
2014-06-12,104.08000200000001,104.25,101.139999,101.720001,101.720001,1760300
2014-06-13,103.190002,103.93,100.760002,101.980003,101.980003,2106200
2014-06-16,102.0,104.110001,101.269997,103.970001,103.970001,1595900
2014-06-17,104.279999,106.5,104.050003,104.57,104.57,1620600
2014-06-18,104.68,105.389999,103.029999,105.239998,105.239998,1216000
2014-06-19,105.879997,106.0,101.75,102.980003,102.980003,1237000
2014-06-20,103.309998,104.610001,102.5,103.529999,103.529999,2072800
2014-06-23,103.690002,104.309998,102.16999799999999,103.870003,103.870003,1225300
2014-06-24,103.589996,107.43,103.209999,104.68,104.68,2149100
2014-06-25,104.300003,108.629997,104.029999,108.5,108.5,1605400
2014-06-26,108.199997,108.879997,106.599998,107.870003,107.870003,1680100
2014-06-27,107.660004,110.400002,107.019997,110.209999,110.209999,1586300
2014-06-30,110.010002,111.239998,108.019997,108.660004,108.660004,1770100
2014-07-01,109.129997,109.790001,107.900002,109.010002,109.010002,1702700
2014-07-02,109.0,110.220001,107.690002,108.120003,108.120003,880900
2014-07-03,108.91999799999999,109.480003,107.760002,109.18,109.18,952200
2014-07-07,109.08000200000001,109.139999,107.239998,107.410004,107.410004,1056300
2014-07-08,107.639999,107.639999,100.610001,101.449997,101.449997,2826100
2014-07-09,102.010002,103.589996,101.470001,103.519997,103.519997,1921000
2014-07-10,100.879997,104.360001,100.440002,103.349998,103.349998,1357500
2014-07-11,103.639999,105.339996,103.339996,104.779999,104.779999,916500
2014-07-14,103.989998,104.209999,101.550003,104.050003,104.050003,2520000
2014-07-15,104.339996,104.489998,101.779999,102.68,102.68,1234100
2014-07-16,103.32,104.760002,101.5,101.959999,101.959999,1201400
2014-07-17,101.25,103.739998,100.760002,101.150002,101.150002,1519800
2014-07-18,102.050003,104.309998,101.58000200000001,104.16999799999999,104.16999799999999,1117900
2014-07-21,103.57,104.110001,101.459999,103.139999,103.139999,1223000
2014-07-22,104.379997,105.33000200000001,103.16999799999999,104.16999799999999,104.16999799999999,1483800
2014-07-23,103.650002,107.66999799999999,103.650002,107.360001,107.360001,3960100
2014-07-24,97.0,102.989998,95.260002,101.790001,101.790001,10669900
2014-07-25,101.809998,102.860001,98.110001,99.879997,99.879997,2506700
2014-07-28,100.139999,100.800003,98.800003,99.300003,99.300003,1644400
2014-07-29,99.459999,100.110001,98.870003,99.209999,99.209999,1305600
2014-07-30,99.980003,100.440002,98.889999,100.019997,100.019997,1220800
2014-07-31,98.940002,98.940002,94.16999799999999,94.839996,94.839996,2465600
2014-08-01,94.489998,95.25,91.779999,93.870003,93.870003,2416800
2014-08-04,94.160004,95.75,93.879997,94.790001,94.790001,1527700
2014-08-05,94.32,95.400002,93.349998,94.07,94.07,1225700
2014-08-06,93.440002,95.610001,93.269997,94.029999,94.029999,909300
2014-08-07,94.449997,96.639999,94.050003,94.449997,94.449997,1144200
2014-08-08,94.91999799999999,95.489998,93.739998,95.290001,95.290001,875600
2014-08-11,95.620003,96.309998,94.339996,95.629997,95.629997,1061900
2014-08-12,95.790001,96.739998,93.870003,94.75,94.75,1053700
2014-08-13,95.589996,97.629997,94.91999799999999,96.839996,96.839996,1146900
2014-08-14,96.839996,97.349998,96.040001,96.970001,96.970001,850500
2014-08-15,98.25,98.5,95.779999,97.099998,97.099998,1352100
2014-08-18,97.559998,98.5,97.260002,97.959999,97.959999,743600
2014-08-19,98.0,98.389999,96.129997,97.370003,97.370003,1066300
2014-08-20,97.459999,98.389999,96.540001,98.150002,98.150002,1109500
2014-08-21,98.019997,98.150002,96.949997,97.900002,97.900002,861600
2014-08-22,98.269997,103.099998,97.050003,101.989998,101.989998,2013700
2014-08-25,102.529999,104.190002,102.08000200000001,103.790001,103.790001,1981200
2014-08-26,104.33000200000001,105.220001,103.559998,104.510002,104.510002,1110700
2014-08-27,104.07,104.440002,101.550003,101.779999,101.779999,1153000
2014-08-28,101.150002,101.25,98.25,99.370003,99.370003,2186400
2014-08-29,99.709999,100.779999,98.709999,99.089996,99.089996,1154400
2014-09-02,99.589996,99.959999,98.449997,99.440002,99.440002,1425200
2014-09-03,100.139999,100.230003,98.050003,98.279999,98.279999,982700
2014-09-04,98.139999,99.040001,97.5,98.290001,98.290001,1468000
2014-09-05,99.400002,99.5,97.82,98.260002,98.260002,1701300
2014-09-08,98.110001,99.41999799999999,97.949997,99.230003,99.230003,1737900
2014-09-09,99.0,100.0,96.349998,96.370003,96.370003,2855900
2014-09-10,96.529999,98.470001,95.43,98.029999,98.029999,2491300
2014-09-11,97.32,98.629997,97.150002,98.5,98.5,1312400
2014-09-12,98.089996,99.349998,97.459999,99.32,99.32,1671500
2014-09-15,99.230003,99.75,94.33000200000001,95.220001,95.220001,1890400
2014-09-16,94.550003,96.620003,93.900002,95.800003,95.800003,1397100
2014-09-17,96.019997,96.629997,94.83000200000001,96.010002,96.010002,1356500
2014-09-18,96.290001,99.150002,96.290001,97.949997,97.949997,1507700
2014-09-19,98.290001,99.57,97.410004,98.370003,98.370003,1514300
2014-09-22,97.839996,98.0,92.82,94.290001,94.290001,2893400
2014-09-23,93.959999,94.589996,92.25,92.949997,92.949997,1793800
2014-09-24,92.889999,94.75,91.519997,94.33000200000001,94.33000200000001,1707200
2014-09-25,94.230003,94.599998,91.07,91.190002,91.190002,1781400
2014-09-26,91.510002,92.510002,90.849998,92.150002,92.150002,1420800
2014-09-29,91.220001,91.879997,90.650002,90.800003,90.800003,1223600
2014-09-30,90.91999799999999,92.300003,89.099998,91.41999799999999,91.41999799999999,1876100
2014-10-01,91.010002,91.08000200000001,88.910004,89.489998,89.489998,2138500
2014-10-02,89.0,89.940002,86.639999,88.389999,88.389999,2714900
2014-10-03,89.309998,90.050003,88.620003,88.629997,88.629997,3119300
2014-10-06,89.18,90.940002,88.660004,88.91999799999999,88.91999799999999,2890100
2014-10-07,88.360001,89.18,86.949997,86.959999,86.959999,3042800
2014-10-08,87.029999,89.199997,85.82,88.540001,88.540001,2137700
2014-10-09,88.75,88.860001,84.970001,85.910004,85.910004,2456600
2014-10-10,85.349998,85.949997,82.470001,82.589996,82.589996,2249300
2014-10-13,82.309998,83.400002,79.199997,79.639999,79.639999,4664900
2014-10-14,80.059998,81.150002,77.470001,78.970001,78.970001,3001400
2014-10-15,77.190002,79.040001,75.339996,78.889999,78.889999,3103900
2014-10-16,76.699997,79.980003,76.239998,79.519997,79.519997,1953000
2014-10-17,80.82,81.459999,80.5,81.050003,81.050003,1818500
2014-10-20,80.760002,84.040001,80.760002,83.540001,83.540001,1828800
2014-10-21,85.0,88.349998,84.510002,88.089996,88.089996,2858400
2014-10-22,88.099998,88.489998,85.889999,85.91999799999999,85.91999799999999,1426800
2014-10-23,86.66999799999999,88.760002,85.599998,87.629997,87.629997,1365500
2014-10-24,87.260002,88.410004,86.629997,88.25,88.25,880900
2014-10-27,87.540001,88.220001,86.33000200000001,86.93,86.93,990700
2014-10-28,87.089996,88.83000200000001,87.0,88.82,88.82,1015800
2014-10-29,88.599998,88.629997,86.769997,87.379997,87.379997,1276900
2014-10-30,86.739998,88.059998,85.269997,86.309998,86.309998,1535800
2014-10-31,88.629997,89.66999799999999,87.309998,88.660004,88.660004,1947100
2014-11-03,89.33000200000001,89.349998,85.0,85.209999,85.209999,2787300
2014-11-04,83.660004,84.970001,82.620003,83.790001,83.790001,4905700
2014-11-05,73.690002,74.489998,71.050003,71.949997,71.949997,14041100
2014-11-06,72.300003,74.489998,72.199997,74.010002,74.010002,3842600
2014-11-07,74.16999799999999,74.370003,72.800003,73.650002,73.650002,1815400
2014-11-10,73.720001,74.139999,72.41999799999999,72.889999,72.889999,2006200
2014-11-11,72.809998,73.269997,68.879997,69.989998,69.989998,4832300
2014-11-12,69.980003,70.739998,69.349998,70.379997,70.379997,2515400
2014-11-13,70.599998,71.690002,68.440002,69.019997,69.019997,2693000
2014-11-14,69.139999,69.980003,67.139999,69.910004,69.910004,3302500
2014-11-17,69.650002,70.18,68.279999,68.529999,68.529999,1981800
2014-11-18,68.309998,70.480003,68.309998,70.209999,70.209999,3015800
2014-11-19,70.32,71.410004,69.5,71.400002,71.400002,2793700
2014-11-20,71.43,72.279999,70.760002,71.449997,71.449997,2404900
2014-11-21,72.510002,72.510002,71.110001,71.309998,71.309998,1867800
2014-11-24,71.849998,72.18,70.870003,71.82,71.82,1583900
2014-11-25,71.860001,72.019997,70.650002,71.860001,71.860001,1540700
2014-11-26,71.860001,72.970001,71.550003,72.769997,72.769997,1634800
2014-11-28,72.839996,74.290001,72.83000200000001,73.650002,73.650002,1316000
2014-12-01,73.5,73.699997,70.589996,71.050003,71.050003,2255500
2014-12-02,72.0,76.970001,71.75,76.68,76.68,5317300
2014-12-03,75.620003,76.860001,75.309998,75.730003,75.730003,3306600
2014-12-04,75.75,77.940002,75.209999,77.220001,77.220001,2888400
2014-12-05,77.58000200000001,77.860001,76.870003,77.139999,77.139999,2071200
2014-12-08,76.980003,76.980003,73.589996,74.0,74.0,2939500
2014-12-09,73.190002,74.370003,72.540001,74.059998,74.059998,2279000
2014-12-10,74.019997,74.639999,72.150002,72.440002,72.440002,1999300
2014-12-11,73.0,74.370003,72.5,72.800003,72.800003,1923600
2014-12-12,72.07,73.599998,71.58000200000001,72.379997,72.379997,1458000
2014-12-15,73.199997,73.690002,71.910004,72.190002,72.190002,1408300
2014-12-16,71.879997,72.739998,71.150002,71.209999,71.209999,1786800
2014-12-17,71.379997,72.629997,71.0,72.529999,72.529999,1960000
2014-12-18,73.129997,75.089996,73.07,75.07,75.07,1843500
2014-12-19,75.300003,75.93,74.839996,75.650002,75.650002,2788300
2014-12-22,75.75,76.900002,75.730003,76.870003,76.870003,1728300
2014-12-23,77.099998,77.410004,75.610001,75.889999,75.889999,2447900
2014-12-24,76.050003,76.470001,75.93,76.139999,76.139999,373000
2014-12-26,76.519997,77.190002,76.160004,76.910004,76.910004,634500
2014-12-29,76.639999,76.639999,75.43,75.760002,75.760002,1362300
2014-12-30,75.290001,76.370003,75.0,75.489998,75.489998,1223300
2014-12-31,75.779999,76.0,74.5,74.660004,74.660004,1976000
2015-01-02,75.57,76.120003,73.68,74.589996,74.589996,1374500
2015-01-05,74.360001,74.489998,72.410004,72.730003,72.730003,1994100
2015-01-06,72.66999799999999,73.0,68.839996,70.010002,70.010002,2761200
2015-01-07,70.839996,71.300003,70.43,70.839996,70.839996,2017400
2015-01-08,69.400002,73.559998,69.360001,73.260002,73.260002,1977400
2015-01-09,73.68,74.83000200000001,73.089996,74.529999,74.529999,2140600
2015-01-12,74.699997,74.980003,70.809998,71.449997,71.449997,2081100
2015-01-13,72.120003,73.610001,70.709999,71.470001,71.470001,1521700
2015-01-14,70.809998,71.230003,68.269997,69.730003,69.730003,2023700
2015-01-15,70.0,70.360001,66.260002,66.389999,66.389999,2220500
2015-01-16,66.16999799999999,68.279999,66.040001,68.18,68.18,1997600
2015-01-20,68.75,69.43,67.480003,69.239998,69.239998,1614900
2015-01-21,69.0,69.949997,68.720001,69.349998,69.349998,1433200
2015-01-22,69.599998,71.290001,68.639999,71.120003,71.120003,1848300
2015-01-23,70.699997,71.529999,69.66999799999999,69.769997,69.769997,2145900
2015-01-26,69.650002,70.010002,69.07,69.32,69.32,1799800
2015-01-27,68.459999,70.57,67.739998,69.099998,69.099998,1674400
2015-01-28,69.470001,69.989998,67.849998,67.93,67.93,1157800
2015-01-29,67.980003,68.440002,66.480003,68.0,68.0,1488300
2015-01-30,67.389999,68.120003,66.269997,67.010002,67.010002,1753200
2015-02-02,67.269997,67.83000200000001,66.18,67.699997,67.699997,1257700
2015-02-03,69.0,70.970001,68.57,70.809998,70.809998,2040600
2015-02-04,70.620003,71.760002,70.41999799999999,71.18,71.18,1724700
2015-02-05,71.32,71.589996,70.529999,70.58000200000001,70.58000200000001,1247100
2015-02-06,70.0,70.25,67.790001,68.58000200000001,68.58000200000001,2854700
2015-02-09,68.150002,69.220001,68.089996,68.470001,68.470001,3818000
2015-02-10,69.099998,70.230003,68.400002,69.980003,69.980003,3409700
2015-02-11,69.75,70.16999799999999,66.620003,67.269997,67.269997,6311100
2015-02-12,77.110001,84.699997,77.0,82.400002,82.400002,12738400
2015-02-13,81.739998,84.870003,80.519997,84.809998,84.809998,4572300
2015-02-17,84.839996,84.879997,83.879997,84.260002,84.260002,3028900
2015-02-18,84.33000200000001,85.639999,84.08000200000001,85.58000200000001,85.58000200000001,3931800
2015-02-19,85.91999799999999,89.110001,85.82,88.660004,88.660004,4075300
2015-02-20,88.540001,88.93,87.309998,88.779999,88.779999,2957200
2015-02-23,88.800003,89.690002,87.370003,88.870003,88.870003,2578100
2015-02-24,88.459999,89.150002,87.970001,88.5,88.5,1819600
2015-02-25,88.139999,89.5,88.120003,89.16999799999999,89.16999799999999,2397200
2015-02-26,89.18,90.300003,89.16999799999999,89.860001,89.860001,2583700
2015-02-27,90.16999799999999,90.400002,88.93,89.25,89.25,1800300
2015-03-02,89.290001,91.25,89.129997,91.209999,91.209999,1647500
2015-03-03,91.0,91.470001,87.860001,90.470001,90.470001,4202200
2015-03-04,90.449997,90.529999,87.989998,89.239998,89.239998,1964000
2015-03-05,89.360001,89.489998,87.110001,87.980003,87.980003,2429400
2015-03-06,87.349998,87.980003,84.93,85.699997,85.699997,2622500
2015-03-09,85.699997,86.41999799999999,84.980003,86.010002,86.010002,1476800
2015-03-10,84.83000200000001,85.230003,83.5,84.16999799999999,84.16999799999999,1542700
2015-03-11,84.199997,84.400002,83.150002,83.220001,83.220001,1393600
2015-03-12,83.43,84.660004,83.230003,84.150002,84.150002,1377000
2015-03-13,83.860001,84.269997,82.0,82.519997,82.519997,1353900
2015-03-16,83.029999,83.57,82.400002,83.16999799999999,83.16999799999999,1196200
2015-03-17,82.779999,83.699997,82.33000200000001,83.400002,83.400002,1174100
2015-03-18,83.099998,84.58000200000001,82.730003,84.309998,84.309998,1677000
2015-03-19,84.529999,84.959999,83.279999,83.800003,83.800003,1575000
2015-03-20,84.589996,86.529999,84.040001,86.349998,86.349998,3192100
2015-03-23,86.610001,87.199997,86.349998,86.510002,86.510002,1864900
2015-03-24,86.5,86.5,85.349998,85.379997,85.379997,1537900
2015-03-25,85.480003,85.550003,84.019997,84.18,84.18,2343200
2015-03-26,83.82,84.25,82.970001,83.620003,83.620003,1378600
2015-03-27,83.379997,84.150002,83.16999799999999,83.790001,83.790001,897400
2015-03-30,84.309998,84.599998,83.459999,83.610001,83.610001,1096800
2015-03-31,83.410004,84.18,83.16999799999999,83.16999799999999,83.16999799999999,1257300
2015-04-01,83.379997,83.510002,81.58000200000001,82.339996,82.339996,1548800
2015-04-02,82.480003,83.32,82.050003,82.510002,82.510002,1159200
2015-04-06,80.610001,83.860001,80.550003,83.400002,83.400002,2779200
2015-04-07,83.459999,83.800003,82.800003,82.83000200000001,82.83000200000001,952200
2015-04-08,83.010002,83.970001,82.660004,83.050003,83.050003,1128400
2015-04-09,83.33000200000001,83.800003,81.989998,83.18,83.18,1805300
2015-04-10,83.120003,83.300003,82.510002,82.93,82.93,1084600
2015-04-13,83.129997,84.449997,83.0,83.519997,83.519997,833200
2015-04-14,83.559998,83.839996,82.050003,83.269997,83.269997,1009000
2015-04-15,83.33000200000001,83.800003,82.379997,83.089996,83.089996,1062000
2015-04-16,83.339996,84.620003,82.529999,82.599998,82.599998,927700
2015-04-17,82.0,82.550003,79.879997,80.709999,80.709999,2163400
2015-04-20,81.059998,81.5,80.709999,80.970001,80.970001,1416800
2015-04-21,81.199997,81.400002,80.709999,81.279999,81.279999,1284600
2015-04-22,81.529999,82.870003,80.839996,82.720001,82.720001,1245000
2015-04-23,82.339996,83.339996,82.019997,82.790001,82.790001,900200
2015-04-24,82.83000200000001,83.559998,81.410004,81.57,81.57,1029300
2015-04-27,81.910004,83.769997,81.449997,81.690002,81.690002,912500
2015-04-28,81.550003,82.379997,80.959999,81.559998,81.559998,1637700
2015-04-29,81.260002,82.849998,81.18,81.699997,81.699997,1653300
2015-04-30,81.540001,81.68,79.83000200000001,80.489998,80.489998,1649300
2015-05-01,81.889999,83.0,79.82,80.82,80.82,1815600
2015-05-04,81.33000200000001,81.33000200000001,79.800003,79.910004,79.910004,1998800
2015-05-05,78.470001,79.82,77.33000200000001,77.720001,77.720001,3296500
2015-05-06,78.139999,78.459999,76.279999,76.800003,76.800003,4451000
2015-05-07,78.18,80.720001,75.650002,78.470001,78.470001,6611600
2015-05-08,79.400002,82.25,79.029999,81.93,81.93,2644700
2015-05-11,82.010002,82.82,81.110001,81.629997,81.629997,1720400
2015-05-12,81.010002,81.769997,80.650002,80.82,80.82,1515200
2015-05-13,80.779999,81.510002,80.739998,81.150002,81.150002,1190000
2015-05-14,81.440002,82.25,80.93,82.160004,82.160004,1203300
2015-05-15,82.18,82.610001,81.300003,81.83000200000001,81.83000200000001,891900
2015-05-18,81.860001,82.360001,81.339996,81.489998,81.489998,1840400
2015-05-19,81.970001,82.510002,80.290001,80.650002,80.650002,1303900
2015-05-20,80.779999,80.93,79.0,79.769997,79.769997,1789600
2015-05-21,79.720001,80.190002,79.029999,79.300003,79.300003,1401200
2015-05-22,79.660004,80.370003,79.660004,80.269997,80.269997,1301800
2015-05-26,80.110001,80.57,77.690002,77.769997,77.769997,1802100
2015-05-27,77.879997,78.629997,77.779999,78.5,78.5,1251600
2015-05-28,78.260002,78.540001,76.790001,76.800003,76.800003,1066100
2015-05-29,76.709999,76.769997,75.620003,76.260002,76.260002,2177300
2015-06-01,76.239998,76.940002,75.699997,76.510002,76.510002,1431500
2015-06-02,76.150002,77.059998,75.760002,76.32,76.32,982100
2015-06-03,76.029999,76.220001,74.760002,75.07,75.07,1824800
2015-06-04,74.68,75.150002,74.139999,75.120003,75.120003,1741800
2015-06-05,74.959999,76.510002,74.699997,76.410004,76.410004,1640500
2015-06-08,76.290001,76.489998,75.41999799999999,75.489998,75.489998,1893700
2015-06-09,75.349998,75.730003,74.800003,75.209999,75.209999,810400
2015-06-10,75.629997,76.980003,75.629997,76.470001,76.470001,1167600
2015-06-11,76.639999,77.089996,75.91999799999999,76.260002,76.260002,1287700
2015-06-12,75.860001,76.290001,75.480003,76.099998,76.099998,930200
2015-06-15,75.510002,76.0,74.760002,75.83000200000001,75.83000200000001,1195700
2015-06-16,75.559998,76.779999,75.559998,76.449997,76.449997,962100
2015-06-17,76.620003,88.790001,75.889999,87.650002,87.650002,15024700
2015-06-18,85.769997,91.41999799999999,85.650002,90.66999799999999,90.66999799999999,8555800
2015-06-19,90.690002,91.279999,89.559998,90.940002,90.940002,3659200
2015-06-22,91.150002,92.0,90.110001,90.739998,90.739998,1703600
2015-06-23,90.730003,90.809998,89.410004,90.239998,90.239998,1623400
2015-06-24,89.93,90.139999,88.41999799999999,88.980003,88.980003,1318900
2015-06-25,89.150002,89.150002,87.959999,88.160004,88.160004,902300
2015-06-26,87.970001,88.910004,87.970001,88.839996,88.839996,1160900
2015-06-29,87.660004,88.5,85.550003,85.769997,85.769997,1225200
2015-06-30,87.010002,87.610001,86.019997,87.139999,87.139999,1273100
2015-07-01,88.0,88.779999,86.529999,86.900002,86.900002,958100
2015-07-02,87.010002,87.66999799999999,86.209999,86.870003,86.870003,1028100
2015-07-06,86.5,86.989998,85.900002,86.889999,86.889999,1149800
2015-07-07,87.029999,87.190002,84.879997,86.83000200000001,86.83000200000001,1214500
2015-07-08,85.599998,86.730003,85.150002,85.58000200000001,85.58000200000001,1030300
2015-07-09,86.529999,87.470001,85.959999,85.959999,85.959999,988300
2015-07-10,87.16999799999999,88.57,86.559998,88.440002,88.440002,1029100
2015-07-13,89.410004,90.730003,89.050003,90.300003,90.300003,1319800
2015-07-14,89.970001,91.129997,89.410004,89.68,89.68,1377800
2015-07-15,89.410004,90.959999,89.029999,90.379997,90.379997,1040300
2015-07-16,91.019997,91.809998,89.980003,91.110001,91.110001,1063200
2015-07-17,91.300003,92.75,90.870003,92.18,92.18,1305800
2015-07-20,92.68,92.800003,91.230003,91.989998,91.989998,1284700
2015-07-21,92.309998,92.709999,90.059998,92.550003,92.550003,1801500
2015-07-22,92.589996,93.699997,91.58000200000001,91.75,91.75,1600200
2015-07-23,92.190002,94.0,91.800003,93.370003,93.370003,4130300
2015-07-24,84.540001,86.360001,80.389999,80.860001,80.860001,7178600
2015-07-27,80.349998,82.470001,78.93,80.599998,80.599998,3158900
2015-07-28,80.849998,80.849998,79.16999799999999,79.339996,79.339996,2622100
2015-07-29,78.839996,80.099998,78.779999,79.709999,79.709999,1833500
2015-07-30,79.599998,79.639999,77.75,78.690002,78.690002,2395300
2015-07-31,78.790001,79.41999799999999,77.32,79.379997,79.379997,2082300
2015-08-03,79.389999,80.050003,78.230003,78.849998,78.849998,1439700
2015-08-04,78.639999,79.279999,78.040001,78.400002,78.400002,1218400
2015-08-05,79.68,80.239998,77.91999799999999,77.959999,77.959999,1965300
2015-08-06,77.949997,78.120003,74.779999,76.120003,76.120003,2371700
2015-08-07,76.239998,76.410004,73.849998,74.32,74.32,1938400
2015-08-10,75.199997,75.699997,73.870003,75.309998,75.309998,1701600
2015-08-11,74.550003,75.050003,73.83000200000001,74.66999799999999,74.66999799999999,1886800
2015-08-12,73.540001,73.849998,71.529999,73.5,73.5,2237100
2015-08-13,73.269997,73.879997,71.300003,71.699997,71.699997,2278800
2015-08-14,71.839996,72.910004,71.550003,72.489998,72.489998,1123600
2015-08-17,72.300003,73.57,71.07,73.5,73.5,1132000
2015-08-18,73.470001,73.470001,71.910004,72.260002,72.260002,1337500
2015-08-19,71.870003,72.18,71.139999,71.75,71.75,1552400
2015-08-20,70.790001,71.75,70.209999,70.379997,70.379997,1995200
2015-08-21,69.790001,71.120003,69.010002,69.510002,69.510002,2572000
2015-08-24,65.650002,69.059998,62.5,66.269997,66.269997,2717600
2015-08-25,68.629997,69.800003,66.25,66.540001,66.540001,2429900
2015-08-26,67.83000200000001,68.720001,65.790001,68.379997,68.379997,3288000
2015-08-27,69.230003,70.760002,68.660004,70.339996,70.339996,1596900
2015-08-28,69.720001,70.879997,69.199997,70.599998,70.599998,1229900
2015-08-31,70.110001,70.839996,69.519997,69.900002,69.900002,1302000
2015-09-01,68.160004,69.529999,67.889999,68.190002,68.190002,1942400
2015-09-02,69.339996,69.959999,68.449997,69.730003,69.730003,1031100
2015-09-03,69.860001,71.160004,69.160004,69.470001,69.470001,2235300
2015-09-04,68.599998,68.739998,67.120003,67.209999,67.209999,1576600
2015-09-08,67.5,68.089996,67.360001,67.599998,67.599998,2224600
2015-09-09,68.32,68.529999,66.75,66.91999799999999,66.91999799999999,1516500
2015-09-10,66.629997,68.400002,66.339996,67.489998,67.489998,1907000
2015-09-11,67.360001,67.860001,65.620003,66.91999799999999,66.91999799999999,1882000
2015-09-14,67.160004,68.339996,66.400002,67.790001,67.790001,1270000
2015-09-15,67.410004,70.339996,66.269997,70.059998,70.059998,2392600
2015-09-16,70.360001,70.739998,69.230003,69.900002,69.900002,2070500
2015-09-17,69.849998,70.489998,69.099998,69.889999,69.889999,2393000
2015-09-18,69.209999,70.099998,68.400002,68.639999,68.639999,1917900
2015-09-21,68.870003,69.300003,67.989998,68.379997,68.379997,883600
2015-09-22,67.730003,68.379997,66.529999,67.199997,67.199997,1277200
2015-09-23,67.08000200000001,67.720001,65.660004,65.690002,65.690002,1113900
2015-09-24,65.099998,65.699997,64.370003,65.459999,65.459999,1480100
2015-09-25,65.739998,66.489998,64.339996,64.889999,64.889999,1299800
2015-09-28,64.699997,65.300003,62.790001000000004,62.880001,62.880001,1541700
2015-09-29,62.970001,63.959998999999996,62.240002000000004,63.419998,63.419998,1181500
2015-09-30,64.010002,64.32,62.619999,63.02,63.02,1568300
2015-10-01,63.240002000000004,64.339996,63.0,64.129997,64.129997,1641500
2015-10-02,63.23,66.360001,63.07,66.360001,66.360001,1273200
2015-10-05,67.300003,67.779999,66.809998,67.239998,67.239998,1224500
2015-10-06,67.199997,68.160004,66.760002,66.839996,66.839996,1507800
2015-10-07,67.190002,68.43,66.139999,67.730003,67.730003,955100
2015-10-08,67.400002,69.650002,67.400002,69.58000200000001,69.58000200000001,1062800
2015-10-09,69.339996,69.379997,67.57,67.980003,67.980003,1488600
2015-10-12,68.010002,68.5,66.709999,67.480003,67.480003,779100
2015-10-13,67.129997,68.300003,66.43,66.690002,66.690002,819600
2015-10-14,81.980003,84.5,78.199997,83.720001,83.720001,19927600
2015-10-15,83.209999,83.550003,79.82,83.360001,83.360001,4997500
2015-10-16,83.699997,83.720001,81.089996,83.199997,83.199997,2537100
2015-10-19,83.389999,85.160004,82.529999,84.139999,84.139999,2316600
2015-10-20,84.300003,85.08000200000001,83.440002,84.25,84.25,1605000
2015-10-21,84.800003,84.800003,82.0,82.16999799999999,82.16999799999999,1361600
2015-10-22,82.400002,83.709999,81.470001,83.559998,83.559998,1855900
2015-10-23,85.07,85.150002,82.300003,82.900002,82.900002,2507100
2015-10-26,82.949997,84.07,82.529999,83.650002,83.650002,1451800
2015-10-27,81.989998,82.459999,80.739998,81.760002,81.760002,1395400
2015-10-28,81.769997,82.349998,80.870003,81.300003,81.300003,1611900
2015-10-29,81.260002,82.019997,80.739998,80.93,80.93,1780900
2015-10-30,81.269997,84.699997,80.760002,83.779999,83.779999,2181400
2015-11-02,83.66999799999999,83.720001,82.269997,83.160004,83.160004,1612200
2015-11-03,83.309998,84.040001,82.050003,82.25,82.25,2209000
2015-11-04,81.809998,83.199997,81.629997,82.620003,82.620003,1475400
2015-11-05,83.949997,84.559998,82.760002,83.110001,83.110001,3309400
2015-11-06,74.489998,77.970001,73.57,77.41999799999999,77.41999799999999,8422700
2015-11-09,76.440002,77.650002,74.82,77.120003,77.120003,3653600
2015-11-10,76.91999799999999,78.529999,76.790001,78.349998,78.349998,2298300
2015-11-11,78.970001,81.129997,78.150002,79.739998,79.739998,2204700
2015-11-12,79.160004,80.519997,78.639999,79.150002,79.150002,1644000
2015-11-13,78.610001,79.150002,76.800003,77.949997,77.949997,2046400
2015-11-16,77.5,78.559998,75.779999,78.550003,78.550003,1883700
2015-11-17,77.5,79.610001,77.41999799999999,78.120003,78.120003,1517300
2015-11-18,78.870003,83.769997,78.809998,83.68,83.68,3234000
2015-11-19,83.550003,85.220001,83.059998,84.550003,84.550003,2519400
2015-11-20,85.010002,85.870003,84.089996,84.980003,84.980003,2166300
2015-11-23,84.91999799999999,86.199997,84.33000200000001,84.800003,84.800003,2009500
2015-11-24,83.93,83.93,81.879997,82.980003,82.980003,2141400
2015-11-25,82.900002,83.16999799999999,82.269997,82.769997,82.769997,858800
2015-11-27,82.800003,83.349998,82.309998,82.790001,82.790001,558500
2015-11-30,82.809998,82.980003,81.769997,82.370003,82.370003,1284900
2015-12-01,82.849998,83.440002,82.480003,82.93,82.93,980500
2015-12-02,82.559998,83.32,82.239998,82.91999799999999,82.91999799999999,1121400
2015-12-03,82.739998,84.910004,82.58000200000001,83.139999,83.139999,2117400
2015-12-04,83.059998,84.709999,82.33000200000001,84.370003,84.370003,1712600
2015-12-07,83.989998,84.480003,82.370003,83.07,83.07,1606900
2015-12-08,82.540001,83.839996,81.889999,83.199997,83.199997,880900
2015-12-09,82.75,84.16999799999999,82.139999,82.410004,82.410004,971500
2015-12-10,83.839996,84.139999,82.650002,83.519997,83.519997,1218200
2015-12-11,82.389999,83.470001,82.0,82.480003,82.480003,941400
2015-12-14,82.389999,84.190002,82.050003,83.800003,83.800003,1443500
2015-12-15,84.269997,87.08000200000001,83.839996,85.910004,85.910004,1599700
2015-12-16,86.68,87.5,84.610001,86.879997,86.879997,1533300
2015-12-17,87.16999799999999,87.260002,85.209999,85.379997,85.379997,1095100
2015-12-18,84.940002,85.739998,83.839996,84.349998,84.349998,2336500
2015-12-21,85.0,85.790001,83.18,84.120003,84.120003,878000
2015-12-22,84.480003,84.650002,83.019997,84.400002,84.400002,670900
2015-12-23,84.779999,85.150002,83.660004,84.879997,84.879997,1155200
2015-12-24,85.089996,85.93,84.610001,85.449997,85.449997,823000
2015-12-28,84.980003,85.459999,84.16999799999999,85.199997,85.199997,1386100
2015-12-29,86.0,86.93,85.449997,86.510002,86.510002,582800
2015-12-30,86.389999,86.83000200000001,85.940002,86.150002,86.150002,573700
2015-12-31,85.870003,86.58000200000001,85.199997,85.25,85.25,549100
2016-01-04,83.639999,83.760002,82.019997,82.980003,82.980003,1733900
2016-01-05,83.389999,83.970001,80.949997,81.93,81.93,1450800
2016-01-06,81.339996,81.739998,79.230003,80.099998,80.099998,2521700
2016-01-07,78.33000200000001,78.940002,76.809998,77.690002,77.690002,1945200
2016-01-08,77.769997,78.599998,75.91999799999999,76.18,76.18,1447700
2016-01-11,76.660004,77.309998,75.599998,76.949997,76.949997,1357400
2016-01-12,77.18,78.800003,76.339996,77.360001,77.360001,1189400
2016-01-13,77.480003,78.0,71.58000200000001,72.940002,72.940002,2893200
2016-01-14,73.209999,73.360001,69.269997,71.91999799999999,71.91999799999999,2897200
2016-01-15,69.769997,70.690002,68.879997,70.629997,70.629997,2906800
2016-01-19,71.339996,72.339996,70.07,71.190002,71.190002,2509900
2016-01-20,70.029999,70.900002,65.779999,69.260002,69.260002,2480000
2016-01-21,69.290001,72.459999,68.16999799999999,69.510002,69.510002,1577900
2016-01-22,70.68,72.449997,69.769997,70.650002,70.650002,1009800
2016-01-25,70.760002,71.010002,69.230003,69.489998,69.489998,1118000
2016-01-26,69.91999799999999,70.440002,67.440002,69.690002,69.690002,2445300
2016-01-27,65.809998,69.139999,65.41999799999999,67.540001,67.540001,3199400
2016-01-28,67.290001,68.099998,65.0,67.32,67.32,2710600
2016-01-29,67.309998,68.120003,66.370003,66.760002,66.760002,2624400
2016-02-01,66.519997,67.639999,65.800003,67.190002,67.190002,1793700
2016-02-02,66.470001,66.839996,62.099998,63.0,63.0,3028800
2016-02-03,63.700001,64.260002,60.880001,62.77,62.77,2068500
2016-02-04,62.889998999999996,64.519997,62.310001,63.810001,63.810001,1802400
2016-02-05,63.27,63.580002,57.290001000000004,58.369999,58.369999,5109300
2016-02-08,57.009997999999996,57.84,55.290001000000004,55.880001,55.880001,4265400
2016-02-09,55.32,57.169998,53.509997999999996,54.09,54.09,2689100
2016-02-10,54.900002,55.990002000000004,53.48,54.349998,54.349998,4731500
2016-02-11,60.919998,64.75,59.490002000000004,61.07,61.07,9480500
2016-02-12,61.0,61.07,57.849998,59.900002,59.900002,4257700
2016-02-16,60.389998999999996,63.470001,59.950001,63.32,63.32,3093800
2016-02-17,65.019997,67.0,64.07,65.349998,65.349998,3337200
2016-02-18,65.410004,65.989998,62.389998999999996,63.07,63.07,2286000
2016-02-19,62.700001,63.77,61.380001,63.419998,63.419998,1770800
2016-02-22,61.799999,63.509997999999996,61.369999,63.110001000000004,63.110001000000004,2022400
2016-02-23,63.0,63.209998999999996,60.389998999999996,60.700001,60.700001,2534000
2016-02-24,60.0,61.16,58.529999,60.66,60.66,2503000
2016-02-25,60.830002,62.07,59.759997999999996,62.049999,62.049999,1244100
2016-02-26,62.189999,62.950001,61.68,62.380001,62.380001,1676900
2016-02-29,62.279999,63.299999,61.810001,62.599998,62.599998,2246600
2016-03-01,63.209998999999996,66.389999,62.73,66.099998,66.099998,2970500
2016-03-02,66.07,66.43,64.529999,65.32,65.32,1806600
2016-03-03,65.050003,66.620003,64.449997,65.57,65.57,1594100
2016-03-04,65.849998,65.910004,64.220001,65.099998,65.099998,1549900
2016-03-07,65.040001,66.230003,63.700001,65.5,65.5,1983000
2016-03-08,65.110001,65.949997,62.490002000000004,62.57,62.57,2087900
2016-03-09,62.650002,63.610001000000004,60.02,60.98,60.98,2732500
2016-03-10,61.450001,61.860001000000004,59.330002,61.02,61.02,2228900
2016-03-11,61.810001,63.75,61.380001,63.700001,63.700001,1597500
2016-03-14,63.080002,68.279999,63.049999,66.540001,66.540001,5466800
2016-03-15,66.43,66.970001,65.550003,66.800003,66.800003,2353300
2016-03-16,66.82,67.739998,66.010002,67.480003,67.480003,1869500
2016-03-17,67.220001,68.220001,65.25,65.309998,65.309998,2083900
2016-03-18,65.25,65.269997,63.450001,64.309998,64.309998,4860800
2016-03-21,64.400002,65.790001,64.360001,65.709999,65.709999,1518400
2016-03-22,64.0,65.08000200000001,63.650002,64.040001,64.040001,2059500
2016-03-23,64.160004,64.339996,61.509997999999996,61.740002000000004,61.740002000000004,2097300
2016-03-24,61.720001,62.439999,60.5,62.23,62.23,1683400
2016-03-28,62.610001000000004,63.139998999999996,61.529999,62.509997999999996,62.509997999999996,1309200
2016-03-29,62.790001000000004,65.910004,62.02,65.58000200000001,65.58000200000001,2549600
2016-03-30,65.93,68.07,65.83000200000001,66.58000200000001,66.58000200000001,2249800
2016-03-31,66.0,66.849998,65.33000200000001,66.5,66.5,1700900
2016-04-01,66.050003,67.389999,65.099998,67.230003,67.230003,1725300
2016-04-04,67.440002,67.5,64.93,65.089996,65.089996,1155200
2016-04-05,64.089996,64.790001,63.09,63.959998999999996,63.959998999999996,1801400
2016-04-06,64.389999,65.760002,63.849998,65.529999,65.529999,1137700
2016-04-07,65.230003,65.510002,62.580002,63.349998,63.349998,2378800
2016-04-08,64.07,64.58000200000001,61.700001,62.240002000000004,62.240002000000004,2388600
2016-04-11,62.48,62.860001000000004,60.549999,60.59,60.59,2043400
2016-04-12,60.560001,61.490002000000004,60.200001,61.439999,61.439999,1801000
2016-04-13,61.959998999999996,63.860001000000004,61.799999,63.790001000000004,63.790001000000004,2267200
2016-04-14,63.849998,64.269997,63.029999,63.509997999999996,63.509997999999996,1032700
2016-04-15,63.599998,63.77,62.290001000000004,63.0,63.0,1352600
2016-04-18,63.060001,65.639999,62.689999,65.440002,65.440002,1903100
2016-04-19,65.879997,65.879997,63.990002000000004,64.540001,64.540001,2299200
2016-04-20,64.699997,64.839996,63.639998999999996,64.389999,64.389999,1059500
2016-04-21,64.650002,65.0,63.389998999999996,63.810001,63.810001,1193000
2016-04-22,63.470001,64.550003,62.970001,63.34,63.34,1442200
2016-04-25,63.169998,63.470001,62.0,62.549999,62.549999,1049500
2016-04-26,62.529999,63.59,62.02,62.5,62.5,1249000
2016-04-27,62.5,63.740002000000004,61.959998999999996,63.689999,63.689999,1520300
2016-04-28,64.120003,65.0,63.439999,63.599998,63.599998,2886100
2016-04-29,64.0,64.980003,62.380001,64.589996,64.589996,1797200
2016-05-02,64.41999799999999,65.239998,63.900002,64.889999,64.889999,1832800
2016-05-03,64.269997,65.989998,63.189999,65.83000200000001,65.83000200000001,3946400
2016-05-04,64.279999,64.82,62.669998,63.130001,63.130001,4826900
2016-05-05,61.0,65.800003,60.560001,62.040001000000004,62.040001000000004,7308900
2016-05-06,61.599998,62.09,59.639998999999996,62.07,62.07,3181400
2016-05-09,62.380001,64.949997,62.150002,63.09,63.09,3448900
2016-05-10,63.57,66.889999,63.560001,66.099998,66.099998,3416500
2016-05-11,66.209999,66.400002,65.220001,65.66999799999999,65.66999799999999,2264300
2016-05-12,66.050003,66.050003,63.16,63.779999,63.779999,2494900
2016-05-13,63.709998999999996,64.910004,63.669998,64.459999,64.459999,1966300
2016-05-16,64.510002,65.25,64.239998,64.900002,64.900002,1187400
2016-05-17,64.949997,66.800003,64.910004,65.790001,65.790001,2774000
2016-05-18,65.279999,65.650002,63.41,64.16999799999999,64.16999799999999,2143100
2016-05-19,64.07,64.529999,62.57,63.25,63.25,1594900
2016-05-20,63.540001000000004,65.190002,63.41,64.529999,64.529999,1798700
2016-05-23,64.809998,68.43,64.529999,66.870003,66.870003,3469400
2016-05-24,66.91999799999999,67.83000200000001,66.019997,66.07,66.07,2302100
2016-05-25,66.18,67.220001,65.699997,66.900002,66.900002,1655700
2016-05-26,66.839996,67.349998,65.800003,66.599998,66.599998,1000800
2016-05-27,66.540001,68.529999,66.389999,67.32,67.32,1297200
2016-05-31,67.5,68.08000200000001,67.18,67.739998,67.739998,1566700
2016-06-01,67.410004,67.68,66.059998,67.059998,67.059998,863200
2016-06-02,66.790001,68.760002,66.269997,68.629997,68.629997,1284700
2016-06-03,68.300003,68.410004,67.160004,68.160004,68.160004,1403800
2016-06-06,68.629997,71.610001,67.91999799999999,71.459999,71.459999,3407700
2016-06-07,69.779999,69.949997,68.050003,68.629997,68.629997,4475400
2016-06-08,69.029999,69.870003,68.760002,69.239998,69.239998,1676200
2016-06-09,69.019997,70.510002,68.849998,69.470001,69.470001,1151000
2016-06-10,68.760002,69.150002,66.900002,67.220001,67.220001,1738400
2016-06-13,67.019997,68.589996,66.010002,66.110001,66.110001,1579400
2016-06-14,65.650002,66.370003,64.220001,65.07,65.07,1649800
2016-06-15,65.43,66.220001,64.699997,64.839996,64.839996,1574100
2016-06-16,63.990002000000004,64.629997,62.529999,64.389999,64.389999,1814700
2016-06-17,64.059998,64.769997,62.849998,63.080002,63.080002,2014700
2016-06-20,63.98,65.75,63.619999,64.660004,64.660004,2160900
2016-06-21,64.910004,64.910004,63.630001,64.510002,64.510002,1026500
2016-06-22,64.339996,65.300003,64.160004,64.739998,64.739998,912800
2016-06-23,65.32,66.440002,65.019997,65.980003,65.980003,1442900
2016-06-24,62.709998999999996,64.370003,61.360001000000004,61.869999,61.869999,4606900
2016-06-27,61.200001,61.669998,58.959998999999996,60.029999,60.029999,3188900
2016-06-28,60.689999,61.599998,60.299999,61.150002,61.150002,1538800
2016-06-29,61.970001,64.230003,61.869999,63.889998999999996,63.889998999999996,1966200
2016-06-30,64.019997,64.849998,63.400002,64.300003,64.300003,1321100
2016-07-01,64.300003,65.360001,64.279999,64.610001,64.610001,1066300
2016-07-05,64.150002,64.58000200000001,63.75,64.300003,64.300003,1430000
2016-07-06,63.880001,65.120003,63.810001,64.980003,64.980003,1511700
2016-07-07,65.129997,66.16999799999999,65.0,65.610001,65.610001,1456600
2016-07-08,66.089996,67.459999,66.08000200000001,67.129997,67.129997,1495900
2016-07-11,67.190002,68.529999,67.18,68.199997,68.199997,1310500
2016-07-12,68.589996,70.379997,68.33000200000001,69.720001,69.720001,2219800
2016-07-13,69.889999,70.360001,68.199997,68.589996,68.589996,2552300
2016-07-14,69.360001,69.910004,68.379997,68.529999,68.529999,1197300
2016-07-15,68.910004,68.910004,67.75,68.260002,68.260002,990700
2016-07-18,68.059998,69.110001,67.870003,68.739998,68.739998,1087000
2016-07-19,68.489998,68.730003,68.08000200000001,68.550003,68.550003,734200
2016-07-20,68.58000200000001,69.800003,68.110001,69.290001,69.290001,1228800
2016-07-21,69.360001,69.690002,68.220001,68.690002,68.690002,1029800
2016-07-22,69.139999,70.230003,68.489998,70.089996,70.089996,1254100
2016-07-25,70.019997,70.309998,69.449997,70.059998,70.059998,1099100
2016-07-26,70.050003,71.059998,69.660004,69.940002,69.940002,1338100
2016-07-27,70.050003,70.220001,69.480003,69.849998,69.849998,1544100
2016-07-28,71.099998,71.690002,69.66999799999999,71.230003,71.230003,1568900
2016-07-29,69.5,70.440002,69.16999799999999,69.970001,69.970001,2420600
2016-08-01,70.089996,70.699997,69.400002,70.449997,70.449997,2078500
2016-08-02,70.279999,70.279999,68.239998,69.410004,69.410004,2607100
2016-08-03,69.309998,70.370003,68.800003,69.489998,69.489998,3674500
2016-08-04,64.0,66.129997,62.689999,63.59,63.59,8795400
2016-08-05,63.040001000000004,63.599998,60.73,60.810001,60.810001,5439600
2016-08-08,61.0,61.860001000000004,60.68,61.84,61.84,3592700
2016-08-09,62.02,62.299999,60.740002000000004,61.099998,61.099998,3538700
2016-08-10,61.18,61.66,60.939999,61.25,61.25,2395500
2016-08-11,61.259997999999996,62.0,61.099998,61.59,61.59,1563700
2016-08-12,61.310001,61.950001,61.029999,61.700001,61.700001,1624300
2016-08-15,61.869999,62.450001,61.619999,62.130001,62.130001,1382300
2016-08-16,62.07,62.509997999999996,61.889998999999996,62.0,62.0,1609900
2016-08-17,62.099998,62.27,61.669998,62.049999,62.049999,1274600
2016-08-18,62.150002,62.5,61.799999,62.23,62.23,1001000
2016-08-19,62.130001,62.549999,61.459998999999996,62.0,62.0,1388000
2016-08-22,62.0,62.0,61.34,61.799999,61.799999,1385300
2016-08-23,61.91,63.290001000000004,61.869999,62.639998999999996,62.639998999999996,1852400
2016-08-24,62.720001,63.580002,61.709998999999996,61.93,61.93,1189300
2016-08-25,62.0,62.450001,61.509997999999996,61.900002,61.900002,1449900
2016-08-26,62.279999,63.209998999999996,61.98,62.369999,62.369999,1135500
2016-08-29,62.25,62.400002,61.790001000000004,61.939999,61.939999,1295300
2016-08-30,62.389998999999996,62.509997999999996,60.950001,61.25,61.25,1457600
2016-08-31,61.369999,61.48,60.75,61.0,61.0,1230300
2016-09-01,60.91,61.580002,60.799999,61.32,61.32,1023700
2016-09-02,61.599998,61.959998999999996,60.889998999999996,61.200001,61.200001,1034600
2016-09-06,61.110001000000004,61.98,60.639998999999996,61.52,61.52,1995400
2016-09-07,61.810001,62.849998,61.580002,62.16,62.16,1324000
2016-09-08,61.950001,62.25,61.439999,61.799999,61.799999,1037600
2016-09-09,61.360001000000004,62.970001,61.130001,61.720001,61.720001,2517800
2016-09-12,61.540001000000004,63.740002000000004,61.540001000000004,63.610001000000004,63.610001000000004,2143000
2016-09-13,62.860001000000004,63.34,62.52,63.040001000000004,63.040001000000004,1475600
2016-09-14,62.080002,63.380001,61.759997999999996,61.810001,61.810001,1647700
2016-09-15,61.650002,62.040001000000004,60.950001,61.82,61.82,1433300
2016-09-16,61.689999,61.73,60.490002000000004,61.290001000000004,61.290001000000004,2782000
2016-09-19,61.560001,61.639998999999996,59.810001,60.0,60.0,1918500
2016-09-20,60.16,60.459998999999996,59.720001,60.25,60.25,1188300
2016-09-21,60.5,60.779999,59.869999,60.540001000000004,60.540001000000004,1350300
2016-09-22,60.740002000000004,61.43,60.389998999999996,61.360001000000004,61.360001000000004,1193800
2016-09-23,61.439999,62.169998,61.209998999999996,61.869999,61.869999,1326400
2016-09-26,61.650002,61.970001,61.330002,61.889998999999996,61.889998999999996,999700
2016-09-27,62.009997999999996,64.68,61.919998,64.260002,64.260002,3147100
2016-09-28,64.370003,65.029999,63.720001,64.08000200000001,64.08000200000001,1525900
2016-09-29,63.790001000000004,64.41999799999999,62.82,63.0,63.0,2562300
2016-09-30,62.98,63.48,62.959998999999996,63.18,63.18,1690300
2016-10-03,62.900002,63.450001,62.209998999999996,63.349998,63.349998,841900
2016-10-04,63.740002000000004,64.730003,63.41,64.41999799999999,64.41999799999999,1019100
2016-10-05,64.75,66.129997,64.540001,65.870003,65.870003,2138400
2016-10-06,65.889999,65.889999,64.360001,64.839996,64.839996,1675300
2016-10-07,65.089996,65.089996,63.599998,64.0,64.0,1185100
2016-10-10,64.239998,64.800003,64.010002,64.599998,64.599998,1203600
2016-10-11,64.5,64.599998,63.099998,63.43,63.43,2072700
2016-10-12,63.389998999999996,63.450001,62.5,62.990002000000004,62.990002000000004,1558400
2016-10-13,62.66,62.66,61.75,62.240002000000004,62.240002000000004,1737500
2016-10-14,62.400002,62.650002,61.110001000000004,61.310001,61.310001,1983100
2016-10-17,61.43,61.849998,60.689999,61.459998999999996,61.459998999999996,1471100
2016-10-18,62.66,63.490002000000004,62.07,63.189999,63.189999,1666300
2016-10-19,63.16,64.239998,63.16,63.869999,63.869999,2040000
2016-10-20,63.689999,63.709998999999996,61.91,62.029999,62.029999,1534500
2016-10-21,61.869999,63.669998,61.740002000000004,62.959998999999996,62.959998999999996,2069400
2016-10-24,63.57,63.939999,63.169998,63.830002,63.830002,1174800
2016-10-25,63.720001,64.269997,63.110001000000004,63.529999,63.529999,812400
2016-10-26,62.540001000000004,63.52,61.509997999999996,61.75,61.75,1503600
2016-10-27,62.389998999999996,62.529999,61.240002000000004,61.849998,61.849998,1397500
2016-10-28,62.48,64.860001,61.84,64.339996,64.339996,2363500
2016-10-31,64.629997,64.739998,64.0,64.480003,64.480003,1155500
2016-11-01,64.410004,64.58000200000001,62.93,63.470001,63.470001,1256000
2016-11-02,63.380001,63.650002,61.5,61.630001,61.630001,1262500
2016-11-03,61.66,63.25,61.389998999999996,62.740002000000004,62.740002000000004,1098700
2016-11-04,62.310001,64.050003,62.310001,63.639998999999996,63.639998999999996,1357800
2016-11-07,64.599998,64.849998,63.360001000000004,63.43,63.43,2595400
2016-11-08,63.560001,65.559998,62.82,63.099998,63.099998,6483900
2016-11-09,53.0,56.02,51.0,52.630001,52.630001,18906700
2016-11-10,52.700001,53.73,51.009997999999996,51.830002,51.830002,6271600
2016-11-11,51.939999,51.939999,50.59,51.009997999999996,51.009997999999996,3324700
2016-11-14,51.029999,51.279999,48.52,48.799999,48.799999,5540400
2016-11-15,49.57,50.52,49.330002,50.02,50.02,4645300
2016-11-16,49.84,51.200001,49.740002000000004,50.400002,50.400002,3272100
2016-11-17,50.18,51.689999,50.099998,50.970001,50.970001,2253300
2016-11-18,50.77,51.509997999999996,50.290001000000004,50.790001000000004,50.790001000000004,1338100
2016-11-21,51.299999,52.049999,50.93,51.68,51.68,1433300
2016-11-22,51.689999,52.080002,51.23,51.34,51.34,1305100
2016-11-23,51.0,51.009997999999996,50.389998999999996,50.790001000000004,50.790001000000004,1059900
2016-11-25,50.919998,51.400002,50.66,51.169998,51.169998,500800
2016-11-28,51.060001,51.189999,50.07,50.18,50.18,1925200
2016-11-29,50.43,50.82,49.16,49.299999,49.299999,2349000
2016-11-30,49.240002000000004,49.720001,48.25,48.279999,48.279999,2706200
2016-12-01,48.34,48.389998999999996,46.880001,47.16,47.16,2263700
2016-12-02,47.200001,47.349998,45.950001,46.459998999999996,46.459998999999996,2588700
2016-12-05,47.130001,48.509997999999996,46.689999,47.98,47.98,2761400
2016-12-06,48.130001,48.5,47.77,48.169998,48.169998,1379600
2016-12-07,48.189999,48.41,47.540001000000004,47.599998,47.599998,2724800
2016-12-08,47.389998999999996,48.310001,47.25,48.060001,48.060001,1664300
2016-12-09,48.169998,49.400002,48.009997999999996,49.23,49.23,1811100
2016-12-12,49.0,49.349998,48.25,48.709998999999996,48.709998999999996,2146300
2016-12-13,48.830002,49.549999,48.66,49.029999,49.029999,1412400
2016-12-14,49.02,49.189999,47.380001,47.619999,47.619999,3847100
2016-12-15,47.689999,47.98,47.139998999999996,47.380001,47.380001,1880600
2016-12-16,47.57,48.09,47.18,47.369999,47.369999,4050500
2016-12-19,47.529999,47.599998,46.389998999999996,46.450001,46.450001,1919500
2016-12-20,47.09,49.75,47.02,48.790001000000004,48.790001000000004,5586200
2016-12-21,49.490002000000004,49.490002000000004,46.209998999999996,46.279999,46.279999,2703900
2016-12-22,46.43,46.450001,45.630001,46.389998999999996,46.389998999999996,2677500
2016-12-23,46.470001,46.689999,46.169998,46.540001000000004,46.540001000000004,1222300
2016-12-27,46.580002,47.48,46.490002000000004,47.290001000000004,47.290001000000004,1416000
2016-12-28,47.23,47.650002,46.639998999999996,46.849998,46.849998,1368900
2016-12-29,46.75,47.119999,46.529999,46.950001,46.950001,1622600
2016-12-30,47.0,47.27,46.16,46.369999,46.369999,1533600
2017-01-03,46.75,47.630001,46.209998999999996,47.509997999999996,47.509997999999996,1914000
2017-01-04,47.740002000000004,49.0,47.630001,48.860001000000004,48.860001000000004,2011400
2017-01-05,48.889998999999996,49.75,48.830002,49.200001,49.200001,1734700
2017-01-06,49.009997999999996,51.060001,48.560001,50.77,50.77,2940700
2017-01-09,50.919998,51.43,50.400002,50.919998,50.919998,2646800
2017-01-10,51.07,51.880001,50.240002000000004,51.310001,51.310001,2572200
2017-01-11,51.009997999999996,51.919998,50.830002,51.66,51.66,1560200
2017-01-12,51.720001,52.349998,50.810001,51.880001,51.880001,2499700
2017-01-13,52.029999,53.299999,52.029999,52.919998,52.919998,2254400
2017-01-17,52.560001,53.580002,52.380001,52.599998,52.599998,1926500
2017-01-18,52.66,53.389998999999996,52.459998999999996,52.880001,52.880001,1288600
2017-01-19,52.900002,53.110001000000004,51.580002,52.16,52.16,2097800
2017-01-20,52.23,52.919998,51.259997999999996,51.849998,51.849998,2137500
2017-01-23,51.790001000000004,51.849998,50.91,51.389998999999996,51.389998999999996,1549700
2017-01-24,51.66,52.380001,50.759997999999996,52.130001,52.130001,1412600
2017-01-25,52.75,52.860001000000004,52.060001,52.650002,52.650002,1893000
2017-01-26,52.73,52.84,52.099998,52.18,52.18,772700
2017-01-27,52.459998999999996,52.459998999999996,51.669998,52.0,52.0,812500
2017-01-30,51.970001,52.330002,51.23,52.25,52.25,1144800
2017-01-31,51.98,53.18,51.799999,52.900002,52.900002,1405700
2017-02-01,52.990002000000004,53.470001,51.57,51.869999,51.869999,1800900
2017-02-02,51.810001,52.73,51.299999,52.060001,52.060001,1045000
2017-02-03,52.400002,52.959998999999996,52.060001,52.610001000000004,52.610001000000004,961000
2017-02-06,52.5,52.869999,51.630001,51.959998999999996,51.959998999999996,1644300
2017-02-07,52.029999,52.400002,51.5,51.959998999999996,51.959998999999996,1305000
2017-02-08,51.959998999999996,52.32,51.450001,51.889998999999996,51.889998999999996,1786300
2017-02-09,52.119999,52.900002,52.040001000000004,52.509997999999996,52.509997999999996,2395200
2017-02-10,52.700001,52.900002,51.82,52.0,52.0,2486300
2017-02-13,52.02,52.200001,51.330002,51.389998999999996,51.389998999999996,2585900
2017-02-14,51.5,52.459998999999996,50.720001,52.189999,52.189999,3855300
2017-02-15,52.330002,53.290001000000004,52.200001,52.700001,52.700001,6553400
2017-02-16,49.0,50.360001000000004,46.84,46.919998,46.919998,12391000
2017-02-17,46.970001,47.650002,46.32,47.060001,47.060001,5935700
2017-02-21,47.25,47.310001,46.77,46.84,46.84,2424600
2017-02-22,45.84,46.16,44.959998999999996,45.549999,45.549999,4343200
2017-02-23,46.119999,46.200001,43.209998999999996,43.459998999999996,43.459998999999996,6814900
2017-02-24,43.150002,43.360001000000004,42.0,42.619999,42.619999,4670200
2017-02-27,42.009997999999996,43.200001,41.810001,42.810001,42.810001,5004500
2017-02-28,42.18,42.25,41.150002,41.470001,41.470001,3918300
2017-03-01,41.790001000000004,41.900002,40.740002000000004,41.470001,41.470001,3881800
2017-03-02,40.849998,41.529999,40.450001,40.82,40.82,3174000
2017-03-03,40.939999,41.790001000000004,40.810001,41.740002000000004,41.740002000000004,3666100
2017-03-06,41.5,41.689999,40.810001,41.599998,41.599998,3430300
2017-03-07,41.349998,41.919998,41.099998,41.310001,41.310001,3401800
2017-03-08,41.23,44.060001,41.200001,43.830002,43.830002,7546700
2017-03-09,43.939999,44.599998,43.119999,43.59,43.59,4063900
2017-03-10,43.720001,44.349998,43.279999,43.599998,43.599998,2706900
2017-03-13,43.619999,44.0,43.150002,43.509997999999996,43.509997999999996,1482000
2017-03-14,43.400002,43.5,41.939999,42.259997999999996,42.259997999999996,1819700
2017-03-15,42.439999,42.880001,42.0,42.709998999999996,42.709998999999996,1910300
2017-03-16,42.82,43.18,42.610001000000004,43.07,43.07,1522700
2017-03-17,43.23,43.389998999999996,42.880001,43.27,43.27,2213000
2017-03-20,43.189999,43.400002,42.82,43.0,43.0,1307800
2017-03-21,43.259997999999996,43.360001000000004,41.650002,41.709998999999996,41.709998999999996,2304200
2017-03-22,41.799999,41.799999,40.869999,41.400002,41.400002,2868900
2017-03-23,41.349998,42.700001,40.919998,42.52,42.52,5022900
2017-03-24,42.73,43.02,42.450001,42.689999,42.689999,2440500
2017-03-27,42.330002,42.939999,42.0,42.66,42.66,1548700
2017-03-28,42.52,43.419998,42.5,43.130001,43.130001,1793100
2017-03-29,43.099998,43.77,42.830002,43.650002,43.650002,1707000
2017-03-30,43.5,43.580002,42.799999,43.310001,43.310001,2849000
2017-03-31,43.380001,43.619999,43.02,43.16,43.16,2435600
2017-04-03,43.259997999999996,43.439999,42.16,42.77,42.77,3074100
2017-04-04,42.540001000000004,42.759997999999996,41.580002,41.639998999999996,41.639998999999996,2186800
2017-04-05,41.779999,42.330002,41.349998,41.759997999999996,41.759997999999996,4075600
2017-04-06,41.939999,42.75,41.75,42.299999,42.299999,4144300
2017-04-07,42.290001000000004,42.59,42.040001000000004,42.060001,42.060001,3169500
2017-04-10,42.200001,42.630001,42.029999,42.240002000000004,42.240002000000004,3605800
2017-04-11,42.080002,42.139998999999996,41.119999,41.450001,41.450001,3848800
2017-04-12,41.450001,42.099998,41.200001,41.5,41.5,1875000
2017-04-13,41.5,41.759997999999996,41.16,41.360001000000004,41.360001000000004,1830700
2017-04-17,41.720001,41.799999,40.889998999999996,41.77,41.77,3688600
2017-04-18,41.490002000000004,42.099998,41.139998999999996,41.970001,41.970001,1922400
2017-04-19,42.18,42.889998999999996,41.959998999999996,42.029999,42.029999,2355600
2017-04-20,42.279999,43.0,42.150002,42.709998999999996,42.709998999999996,1928000
2017-04-21,42.68,43.060001,42.32,42.650002,42.650002,5112300
2017-04-24,43.099998,43.799999,42.82,43.34,43.34,2486900
2017-04-25,43.48,43.939999,42.77,43.650002,43.650002,1923600
2017-04-26,43.700001,44.860001000000004,43.68,44.5,44.5,2920900
2017-04-27,44.509997999999996,45.310001,44.110001000000004,45.099998,45.099998,3647900
2017-04-28,45.200001,45.200001,43.66,45.009997999999996,45.009997999999996,3960900
2017-05-01,45.029999,45.5,44.77,44.959998999999996,44.959998999999996,2079300
2017-05-02,45.07,46.119999,44.740002000000004,46.099998,46.099998,2638800
2017-05-03,46.130001,46.23,44.849998,45.110001000000004,45.110001000000004,2751500
2017-05-04,45.119999,45.950001,45.02,45.889998999999996,45.889998999999996,2878400
2017-05-05,45.860001000000004,46.450001,45.73,46.169998,46.169998,1870500
2017-05-08,46.18,47.380001,46.029999,47.029999,47.029999,3887300
2017-05-09,47.099998,48.099998,46.82,46.919998,46.919998,4388600
2017-05-10,49.799999,50.950001,46.700001,47.990002000000004,47.990002000000004,8629800
2017-05-11,47.360001000000004,47.52,45.509997999999996,45.630001,45.630001,4102800
2017-05-12,46.09,46.68,45.57,46.25,46.25,2167900
2017-05-15,46.400002,47.080002,46.200001,46.669998,46.669998,2019200
2017-05-16,47.040001000000004,47.040001000000004,45.52,45.619999,45.619999,2624300
2017-05-17,45.0,45.529999,43.759997999999996,43.970001,43.970001,4214400
2017-05-18,43.970001,44.93,43.66,44.610001000000004,44.610001000000004,1837600
2017-05-19,44.740002000000004,44.740002000000004,43.889998999999996,44.080002,44.080002,2076000
2017-05-22,44.299999,44.560001,42.459998999999996,42.970001,42.970001,4673500
2017-05-23,42.93,42.93,40.669998,40.869999,40.869999,5647600
2017-05-24,40.77,40.91,39.93,40.799999,40.799999,4182300
2017-05-25,40.810001,40.830002,39.790001000000004,39.82,39.82,3494600
2017-05-26,39.25,39.68,38.32,39.07,39.07,4846200
2017-05-30,38.91,39.23,38.66,39.060001,39.060001,3327200
2017-05-31,39.25,39.32,38.23,38.509997999999996,38.509997999999996,3300400
2017-06-01,38.650002,40.139998999999996,38.650002,39.970001,39.970001,3159100
2017-06-02,40.0,40.110001000000004,38.759997999999996,39.130001,39.130001,2283200
2017-06-05,39.130001,39.290001000000004,38.77,39.040001000000004,39.040001000000004,1524900
2017-06-06,38.93,38.93,38.009997999999996,38.07,38.07,2282000
2017-06-07,38.200001,38.5,36.849998,37.279999,37.279999,3250700
2017-06-08,36.970001,37.650002,36.959998999999996,37.389998999999996,37.389998999999996,2049500
2017-06-09,37.310001,37.790001000000004,37.049999,37.48,37.48,2790400
2017-06-12,37.419998,38.400002,37.34,37.810001,37.810001,2490900
2017-06-13,37.950001,38.810001,37.880001,38.779999,38.779999,2560300
2017-06-14,38.919998,39.389998999999996,38.439999,38.57,38.57,2315900
2017-06-15,38.259997999999996,38.369999,37.400002,37.91,37.91,1400000
2017-06-16,37.77,37.98,37.34,37.91,37.91,3408700
2017-06-19,37.07,37.389998999999996,35.959998999999996,36.099998,36.099998,3865200
2017-06-20,36.09,36.580002,35.689999,36.009997999999996,36.009997999999996,2466800
2017-06-21,36.099998,36.099998,35.34,35.82,35.82,1601900
2017-06-22,35.82,36.23,35.610001000000004,35.740002000000004,35.740002000000004,1685000
2017-06-23,35.849998,36.990002000000004,35.709998999999996,36.959998999999996,36.959998999999996,3927800
2017-06-26,37.07,37.349998,36.619999,36.669998,36.669998,2010500
2017-06-27,36.790001000000004,37.25,36.240002000000004,36.490002000000004,36.490002000000004,1425400
2017-06-28,37.060001,38.73,37.0,38.139998999999996,38.139998999999996,3995100
2017-06-29,38.02,38.490002000000004,37.220001,38.0,38.0,2118700
2017-06-30,38.200001,38.91,38.139998999999996,38.200001,38.200001,2029900
2017-07-03,38.48,38.790001000000004,38.209998999999996,38.48,38.48,1092100
2017-07-05,38.450001,38.639998999999996,37.450001,37.779999,37.779999,2263000
2017-07-06,37.68,37.849998,36.599998,36.66,36.66,2045400
2017-07-07,36.68,37.150002,36.529999,36.639998999999996,36.639998999999996,1451500
2017-07-10,36.599998,36.700001,36.049999,36.189999,36.189999,1951600
2017-07-11,36.23,36.849998,35.990002000000004,36.41,36.41,1404800
